Each event extracted will be of lenght 2 seconds
	Creating start end files 
		38913	38913
	39009	39009
	39106	39106
	39202	39202
	39298	39298
	39394	39394
	191470	191470
	191565	191565
	191659	191659
	191754	191754
	191849	191849
	191943	191943
	192038	192038
	192133	192133	267061	267061
	267156	267156
	267251	267251
	267345	267345
	267440	267440
	267534	267534
	267629	267629
	267724	267724
		17193	17193
	17289	17289
	17386	17386
	17483	17483
	17580	17580
	17677	17677
	17774	17774
	17870	17870
	17967	17967
	18064	94552	94552
	94649	94649
	94746	94746
	94843	94843
	94940	94940
	95036	95036
	95133	95133
	95230	95230
	95327	95327
	95424	95424
	95520	95520	39491	39491
	39587	39587
	39683	39683
	39779	39779
	39876	39876
	39972
	192227	192227
	192322	192322
	192417	192417
	192511	192511
	192606	192606
	267818	267818
	267913	267913
	268008	268008
	268102	268102
	268197	268197
	268292		18064
	18161	18161
	18258	18258
	18355	18355
	18451	18451
	18548	
	95617	95617
	95714	95714
	95811	95811
	95908	95908
	96004	96004
		39972
	40068	40068
	40164	40164
	40260	40260
	40357	40357
	192701	192701
	192795	192795
	192890	192890
	192984	192984
	193079	193079
	193174268292
	268386	268386
	268481	268481
	268576	268576
	268670	268670
	268765	268765	380409	380409
	380503	380503
	38059818548
	18645	18645
	18742	18742
	18839	18839
	18935	18935
	19032	19032
	19129	96101	96101
	96198	96198
	96295	96295
	96392	96392
	96488	96488
	96585	96585
	96682	40453	40453
	40549	40549
	40645	40645
	40742	40742
	40838	40838
	40935	40935
	193174
	193268	193268
	193363	193363
	193458	193458
	193553	193553
	193647	193647
	193742	193742
	268860	268860
	268954	268954
	269049	269049
	269144	269144
	269238	269238
	269333	269333
	380598
	380692	380692
	380786	380786
	380880	380880
	380974	380974
	381068	381068
	381162	381162	418223	418223
	418318	418318
	418412	418412
	418507	418507
	418601	418601
	418695	418695
	418789	418789
	41888419129
	19226	19226
	19323	19323
	19419	19419
	19516	19516
	19613	19613
	19710	19710
	19807	19807
	1990396682
	96779	96779
	96876	96876
	96972	96972
	97069	97069
	97166	97166
	97263	97263
	97360	97360
	97456	97456	41031	41031
	41128	41128
	41224	41224
	41321	41321
	41417	41417
	41514	41514
	41610	
	193837	193837
	193931	193931
	194026	194026
	194121	194121
	194215	194215
	194310	194310
	194404	194404
	269427	269427
	269522	269522
	269617	269617
	269711	269711
	269806	269806
	269901	269901
	269995	
	381257	381257
	381351	381351
	381445	381445
	381539	381539
	381633	381633
	381727	381727
	381821	418884
	418978	418978
	419072	419072
	419167	419167
	419261	419261
	419356	419356
	419450	419450
	419545	19903
	20000	20000
	20097	20097
	20194	20194
	20291	20291
	20387	20387
	20484	20484

	97553	97553
	97650	97650
	97747	97747
	97844	97844
	97940	97940
	98037	98037
	98134	9813441610
	41707	41707
	41803	41803
	41900	41900
	41996	41996
	42093	42093
	42189	42189
	77579	77579
	77676	77676
	77772	77772
	77869	77869
	115881	115881
	115975	115975
	116069	116069
	116164	116164
	116258	116258
	116352	116352
	116447	116447
	116541	116541
	194499	194499
	194594	194594
	194688	194688
	194783	194783
	194877	194877
	194972	194972
	195067	195067
	195161	195161
	195256269995
	270090	270090
	270185	270185
	270279	270279
	270374	270374
	270469	270469
	270563	270563
	270658	270658
	270753	270753	342620	342620
	342714	342714
	342809	342809
	342904	342904
	342998	342998
	343093	343093
	343188	343188
	343282	343282
		381821
	381916	381916
	382010	382010
	382104	382104
	382198	382198
	382292	382292
	382386	382386
	382481	382481
	382575	382575
	382669	382669	419545
	419639	419639
	419734	419734
	419828	419828
	419922	419922
	420017	420017
	420111	420111
	420205	420205
	420298	420298
	420392	420392	20581	20581
	20678	20678
	20775	20775
	20871	20871
	20968	20968
	21065	21065
	21162	21162
	21259	21259
	21355	21355
		55904	55904
	56001	56001
	56098	56098
	56195	56195
	56292	56292
	56388	56388
	56485	56485
	56582	56582
	56679	56679
	56776	56776

	98231	98231
	98328	98328
	98424	98424
	98521	98521
	98618	98618
	98715	98715
	98812	98812
	98908	98908
	99005	99005
	99102	99102
	99199	42286	42286
	42382	42382
	42479	42479
	42575	42575
	42672	42672
	42768	42768
	42865	42865
	42961	42961
	43058	43058
	43154		77966	77966
	78062	78062
	78159	78159
	78256	78256
	78353	78353
	78449	78449
	78546	78546
	78643	78643
	78740	78740
	78837	78837
	116635	116635
	116730	116730
	116824	116824
	116919	116919
	117013	117013
	117107	117107
	117202	117202
	117296	117296
	117391	117391
	117485	117485
	195256
	195350	195350
	195445	195445
	195539	195539
	195634	195634
	195728	195728
	195823	195823
	195917	195917
	196012	196012
	196106	196106
	
	270847	270847
	270942	270942
	271037	271037
	271131	271131
	271226	271226
	271320	271320
	271415	271415
	271510	271510
	271604	271604
	271699	343377	343377
	343472	343472
	343566	343566
	343661	343661
	343756	343756
	343850	343850
	343945	343945
	344040	344040
	344134	344134
	344229	344229

	382763	382763
	382857	382857
	382951	382951
	383045	383045
	383140	383140
	383234	383234
	383328	383328
	383422	383422
	383516	383516
	383610	
	420487	420487
	420581	420581
	420675	420675
	420770	420770
	420864	420864
	420959	420959
	421053	421053
	421147	421147
	421242	421242
	42133621452	21452
	21549	21549
	21646	21646
	21743	21743
	21840	21840
	21936	21936
	22033	22033
	22130	22130
	22227	22227
	22324	22324
	56872	56872
	56969	56969
	57066	57066
	57163	57163
	57260	57260
	57356	57356
	57453	57453
	57550	57550
	57647	57647
	57744	57744	99199
	99296	99296
	99393	99393
	99489	99489
	99586	99586
	99683	99683
	99780	99780
	99877	99877
	99973	99973
	100069	100069
	43154
	43251	43251
	43347	43347
	43444	43444
	43540	43540
	43637	43637
	43733	43733
	43830	43830
	43926	43926
	44023	44023
	78933	78933
	79030	79030
	79127	79127
	79224	79224
	79321	79321
	79417	79417
	79514	79514
	79611	79611
	79708	79708
	79805	79805	117580	117580
	117674	117674
	117769	117769
	117863	117863
	117957	117957
	118052	118052
	118146	118146
	118241	118241
	118335	118335
	118429196200	196200
	196295	196295
	196389	196389
	196484	196484
	196579	196579
	196673	196673
	196768	196768
	196863	196863
	196957	196957
	197052	197052271699
	271794	271794
	271888	271888
	271983	271983
	272078	272078
	272172	272172
	272267	272267
	272362	272362
	272456	272456
	272551	272551
	344323	344323
	344418	344418
	344513	344513
	344607	344607
	344702	344702
	344797	344797
	344891	344891
	344986	344986
	345081	345081
	383610
	383704	383704
	383799	383799
	383893	383893
	383987	383987
	384081	384081
	384175	384175
	384269	384269
	384364	384364
	384458	384458
		421336
	421431	421431
	421525	421525
	421620	421620
	421714	421714
	421809	421809
	421903	421903
	421997	421997
	422092	422092
	422186	422186	22420	22420
	22517	22517
	22614	22614
	22711	22711
	22808	22808
	22904	22904
	23001	23001
	23098	23098
	23195	23195
	23292	
	57840	57840
	57937	57937
	58034	58034
	58131	58131
	58228	58228
	58324	58324
	58421	58421
	58518	58518
	58615	58615
	58712100163	100163
	100258	100258
	100353	100353
	100447	100447
	100542	100542
	100636	100636
	100731	100731
	100826	100826
	100920	100920
	101015	101015
	101110	44119	44119
	44216	44216
	44312	44312
	44409	44409
	44505	44505
	44602	44602
	44698	44698
	44795	44795
	44891	44891

	79901	79901
	79998	79998
	80095	80095
	80192	80192
	80289	80289
	80385	80385
	80482	80482
	80579	80579
	80676	80676
	80773	118429
	118523	118523
	118617	118617
	118711	118711
	118805	118805
	118899	118899
	118993	118993
	119087	119087
	119181	119181
	119275	119275

	197146	197146
	197241	197241
	197336	197336
	197430	197430
	197525	197525
	197620	197620
	197714	197714
	197809	197809
	197903	197903
		272646	272646
	272740	272740
	272835	272835
	272930	272930
	273024	273024
	273119	273119
	273213	273213
	273308	273308
	273403	273403
	273497	345175	345175
	345270	345270
	345365	345365
	345459	345459
	345554	345554
	345649	345649
	345743	345743
	345838	345838
	345933	345933
	346027	384552	384552
	384646	384646
	384740	384740
	384834	384834
	384928	384928
	385023	385023
	385117	385117
	385211	385211
	385305	385305
	385399	385399

	422281	422281
	422375	422375
	422470	422470
	422565	422565
	422659	422659
	422754	422754
	422848	422848
	422943	422943
	423037	423037
	23292
	23388	23388
	23485	23485
	23582	23582
	23679	23679
	23775	23775
	23872	23872
	23969	23969
	24066	24066
	24163	24163
	58712
	58808	58808
	58905	58905
	59002	59002
	59099	59099
	59196	59196
	59293	59293
	59389	59389
	59486	59486
	59583	59583	101110
	101204	101204
	101299	101299
	101394	101394
	101488	101488
	101583	101583
	101678	101678
	101772	101772
	101867	101867
	101962	101962
		44988	44988
	45084	45084
	45181	45181
	45277	45277
	45374	45374
	45471	45471
	45567	45567
	45664	45664
	45760	45760
		80773
	80870	80870
	80967	80967
	81063	81063
	81160	81160
	81257	81257
	81354	81354
	81451	81451
	81548	81548
	81644	81644	119369	119369
	119463	119463
	119557	119557
	119651	119651
	119745	119745
	119839	119839
	119934	119934
	120028	120028
	120122	120122
	120216197998	197998
	198092	198092
	198186	198186
	198280	198280
	198375	198375
	198469	198469
	198563	198563
	198657	198657
	198751	198751
	198845	198845273497
	273592	273592
	273687	273687
	273781	273781
	273876	273876
	273971	273971
	274065	274065
	274160	274160
	274255	274255
	274349	274349
346027
	346122	346122
	346216	346216
	346311	346311
	346406	346406
	346500	346500
	346595	346595
	346690	346690
	346784	346784
	346879	346879
	385493	385493
	385587	385587
	385682	385682
	385776	385776
	385870	385870
	385964	385964
	386058	386058
	386152	386152
	386247	386247
	386341	423131	423131
	423226	423226
	423320	423320
	423415	423415
	423509	423509
	423604	423604
	423698	423698
	423793	423793
	423887	423887
	423982	423982	24259	24259
	24356	24356
	24453	24453
	24550	24550
	24647	24647
	24743	24743
	24840	24840
	24937	24937
	25034	25034
	25131	
	59680	59680
	59777	59777
	59873	59873
	59970	59970
	60067	60067
	60164	60164
	60261	60261
	60357	60357
	60454	60454
	60551	102056	102056
	102151	102151
	102246	102246
	102340	102340
	102435	102435
	102530	102530
	102625	102625
	102719	102719
	102814	102814
	102909	102909
	10300345857	45857
	45953	45953
	46050	46050
	46146	46146
	46243	46243
	46339	46339
	46436	46436
	46532	46532
	46629	46629
	46725	46725

	81741	81741
	81838	81838
	81935	81935
	82032	82032
	82129	82129
	82225	82225
	82322	82322
	82419	82419
	82516	82516
	82613	82613	120216
	120310	120310
	120404	120404
	120498	120498
	120592	120592
	120686	120686
	120780	120780
	120874	120874
	120969	120969
	121063	121063
	121157	
	198940	198940
	199034	199034
	199128	199128
	199222	199222
	199316	199316
	199411	199411
	199505	199505
	199599	199599
	199694	199694
	199788	199788	274444	274444
	274539	274539
	274633	274633
	274728	274728
	274823	274823
	274917	274917
	275012	275012
	275106	275106
	275200	275200
	275295	275295
		346974	346974
	347068	347068
	347163	347163
	347258	347258
	347352	347352
	347447	347447
	347542	347542
	347636	347636
	347731	347731
	347826	347826
	347920386341
	386435	386435
	386529	386529
	386623	386623
	386717	386717
	386811	386811
	386906	386906
	387000	387000
	387094	387094
	387188	387188
	387282	387282

	424076	424076
	424171	424171
	424265	424265
	424360	424360
	424455	424455
	424548	424548
	424643	424643
	424737	424737
	424832	424832
	424926	424926
	25131
	25228	25228
	25324	25324
	25421	25421
	25518	25518
	25615	25615
	25712	25712
	25808	25808
	25905	25905
	26002	26002
	2609960551
	60648	60648
	60745	60745
	60841	60841
	60938	60938
	61035	61035
	61132	61132
	61229	61229
	61325	61325
	61422	61422
	61519		103003
	103098	103098
	103192	103192
	103287	103287
	103382	103382
	103476	103476
	103571	103571
	103666	103666
	103760	103760
	103855	103855
	103950		46822	46822
	46918	46918
	47015	47015
	47111	47111
	47208	47208
	47304	47304
	47401	47401
	47497	47497
	47594	47594
	
	82710	82710
	82807	82807
	82903	82903
	83000	83000
	83097	83097
	83194	83194
	83291	83291
	83388	83388
	83484	83484
	121157
	121251	121251
	121345	121345
	121439	121439
	121533	121533
	121627	121627
	121721	121721
	121815	121815
	121909	121909
	122004	122004

	199883	199883
	199977	199977
	200072	200072
	200166	200166
	200261	200261
	200355	200355
	200449	200449
	200543	200543
	200637	200637
275389	275389
	275483	275483
	275578	275578
	275672	275672
	275766	275766
	275860	275860
	275954	275954
	276048	276048
	276143	276143
	276237	276237	347920
	348015	348015
	348109	348109
	348204	348204
	348299	348299
	348393	348393
	348488	348488
	348583	348583
	348677	348677
	348772	348772	387376	387376
	387470	387470
	387565	387565
	387659	387659
	387753	387753
	387847	387847
	387941	387941
	388035	388035
	388130	388130
	388224	425021	425021
	425115	425115
	425210	425210
	425304	425304
	425399	425399
	425493	425493
	425588	425588
	425683	425683
	425777	425777
	425872	425872	26099
	26195	26195
	26292	26292
	26388	26388
	26485	26485
	26581	26581
	26678	26678
	26774	26774
	26871	26871
	26968	2696861519
	61616	61616
	61713	61713
	61809	61809
	61906	61906
	62003	62003
	62100	62100
	62197	62197
	62293	62293
	62390	103950
	104044	104044
	104139	104139
	104234	104234
	104328	104328
	104423	104423
	104518	104518
	104612	104612
	104707	104707
	104802	104802
47690	47690
	47787	47787
	47883	47883
	47980	47980
	48077	48077
	48174	48174
	48270	48270
	48367	48367
	48464	48464
83581	83581
	83678	83678
	83775	83775
	83872	83872
	83969	83969
	84065	84065
	84162	84162
	84259	84259
	84356	84356
	84453	122098	122098
	122192	122192
	122286	122286
	122380	122380
	122474	122474
	122568	122568
	122662	122662
	122756	122756
	122850	122850
		200731	200731
	200825	200825
	200918	200918
	201011	201011
	201105	201105
	201198	201198
	201292	201292
	201386	201386
	201480	201480
		229255	229255
	229350	229350
	229444	229444
	229539	229539
	
	276332	276332
	276426	276426
	276521	276521
	276615	276615
	276709	276709
	276804	276804
	276898	276898
	276993	276993
	277087	277087
	277182	277182	304790	304790
	304884	304884
	304978	304978
	305072	305072
	305166	305166
	305260	305260
	348867	348867
	348961	348961
	349056	349056
	349151	349151
	349245	349245
	349340	349340
	349435	349435
	349529	349529
	349624	349624
	349719	349719
	349813	388224
	388318	388318
	388412	388412
	388506	388506
	388601	388601
	388695	388695
	388789	388789
	388883	388883
	388977	388977
	389072	389072
	389166	389166
	389260	
	425967	425967
	426061	426061
	426156	426156
	426251	426251
	426345	426345
	426440	426440
	426535	426535
	426629	426629
	426724	426724
	426819	426819
	426913	426913

	27064	27064
	27161	27161
	27257	27257
	27354	27354
	27450	27450
	27547	27547
	27643	27643
	27740	27740
	27837	27837
	27933	27933
	28030	28030
62390
	62487	62487
	62584	62584
	62681	62681
	62778	62778
	62874	62874
	62971	62971
	63068	63068
	63165	63165
	63262	63262
	63358	63358
	63455	63455	104896	104896
	104991	104991
	105086	105086
	105180	105180
	105275	105275
	105370	105370
	105464	105464
	105559	105559
	105654	105654
	105748	105748
	105843	105843
	105938		48561	48561
	48658	48658
	48754	48754
	48851	48851
	48948	48948
	49045	49045
	49142	49142
	49238	49238
	49335	49335
	49432	49432
	49529	49529
	84453
	84549	84549
	84646	84646
	84743	84743
	84840	84840
	84937	84937
	85034	85034
	85130	85130
	85227	85227
	85324	85324
	85421	85421
	85518	85518
122945	122945
	123039	123039
	123133	123133
	123227	123227
	123321	123321
	123415	123415
	123509	123509
	123603	123603
	123697	123697
	123791	123791
	123885	123885
	123979201574	201574
	201668	201668
	201762	201762
	201856	201856
	201950	201950
	202044	202044
	202138	202138
	202232	202232
	202326	202326
	202420	202420
	202514	202514
	202608229634	229634
	229728	229728
	229823	229823
	229918	229918
	230012	230012
	230107	230107
	230202	230202
	230296	230296
	230391	230391
	230486	230486
	230580	230580

	277276	277276
	277371	277371
	277465	277465
	277559	277559
	277654	277654
	277748	277748
	277843	277843
	277937	277937
	278032	278032
	278126	278126
	278221	278221

	305354	305354
	305448	305448
	305542	305542
	305636	305636
	305730	305730
	305824	305824
	305918	305918
	306012	306012
	306106	306106
	306200	306200
	306294349813
	349908	349908
	350002	350002
	350097	350097
	350192	350192
	350286	350286
	350381	350381
	350476	350476
	350570	350570
	350665	350665
	350760	350760
	350854389260
	389354	389354
	389448	389448
	389543	389543
	389637	389637
	389732	389732
	389826	389826
	389921	389921
	390016	390016
	390110	390110
	390205	390205
	390299	390299	427008	427008
	427102	427102
	427197	427197
	427292	427292
	427386	427386
	427481	427481
	427576	427576
	427670	427670
	427765	427765
	427860	427860
	427954	427954	28126	28126
	28223	28223
	28320	28320
	28416	28416
	28513	28513
	28609	28609
	28706	28706
	28803	28803
	28900	28900
	28997	28997
	29093	29093
	63552	63552
	63649	63649
	63746	63746
	63842	63842
	63939	63939
	64036	64036
	64133	64133
	64230	64230
	64326	64326
	64423	64423
	105938
	106032	106032
	106127	106127
	106222	106222
	106316	106316
	106411	106411
	106506	106506
	106600	106600
	106695	106695
	106790	106790
	106885	106885
	106979		49626	49626
	49722	49722
	49819	49819
	49916	49916
	50013	50013
	50110	50110
	50206	50206
	50303	50303
	50400	50400
	50497	50497
		85615	85615
	85711	85711
	85808	85808
	85905	85905
	86002	86002
	86099	86099
	86195	86195
	86292	86292
	86389	86389
	86486	86486
	86583	123979
	124073	124073
	124167	124167
	124262	124262
	124356	124356
	124450	124450
	124544	124544
	124638	124638
	124732	124732
	124826	124826
	124920	124920
	202608
	202702	202702
	202796	202796
	202890	202890
	202984	202984
	203078	203078
	203172	203172
	203267	203267
	203361	203361
	203455	203455
	203549	203549
	230675	230675
	230770	230770
	230864	230864
	230959	230959
	231054	231054
	231148	231148
	231243	231243
	231337	231337
	231432	231432
	231527	231527
	278315	278315
	278410	278410
	278504	278504
	278598	278598
	278693	278693
	278787	278787
	278882	278882
	278976	278976
	279071	279071
	279165	279165
	279260	279260	306294
	306388	306388
	306482	306482
	306576	306576
	306670	306670
	306764	306764
	306858	306858
	306952	306952
	307046	307046
	307140	307140
	307234		350854
	350949	350949
	351044	351044
	351138	351138
	351233	351233
	351328	351328
	351422	351422
	351517	351517
	351612	351612
	351706	351706
	351801	351801
	
	390394	390394
	390489	390489
	390583	390583
	390678	390678
	390773	390773
	390867	390867
	390962	390962
	391057	391057
	391151	391151
	391246	391246
	391341	391341
	428049	428049
	428144	428144
	428238	428238
	428333	428333
	428428	428428
	428522	428522
	428617	428617
	428712	428712
	428806	428806
	428901	428901
	428995	
	29190	29190
	29287	29287
	29384	29384
	29480	29480
	29577	29577
	29674	29674
	29771	29771
	29866	29866
	29962	29962
	30059	30059
	3015664520	64520
	64617	64617
	64714	64714
	64810	64810
	64907	64907
	65004	65004
	65101	65101
	65198	65198
	65294	65294
	65391	65391
	65488	65488106979
	107074	107074
	107169	107169
	107263	107263
	107358	107358
	107453	107453
	107547	107547
	107642	107642
	107737	107737
	107831	107831
	107926	107926
	108021	10802150594	50594
	50690	50690
	50787	50787
	50884	50884
	50981	50981
	51078	51078
	51174	51174
	51271	51271
	51368	51368
	51464	51464
	51561	51561	86583
	86679	86679
	86776	86776
	86873	86873
	86970	86970
	87067	87067
	87163	87163
	87260	87260
	87357	87357
	87454	87454
	87551	87551
	87647	125014	125014
	125108	125108
	125202	125202
	125296	125296
	125391	125391
	125485	125485
	125580	125580
	125674	125674
	125769	125769
	125863	125863
	125958	125958
	203643	203643
	203737	203737
	203831	203831
	203926	203926
	204020	204020
	204114	204114
	204208	204208
	204302	204302
	204396	204396
	204491	204491
	204585	204585
		231621	231621
	231716	231716
	231811	231811
	231905	231905
	232000	232000
	232095	232095
	232189	232189
	232284	232284
	232379	232379
	232473	232473
	232568	232568

	279354	279354
	279448	279448
	279543	279543
	279637	279637
	279732	279732
	279825	279825
	279920	279920
	280014	280014
	280109	280109
	280203	280203
	280297	280297
307234
	307328	307328
	307422	307422
	307516	307516
	307610	307610
	307704	307704
	307798	307798
	307892	307892
	307986	307986
	308081	308081
	308175	308175
	308270351896	351896
	351990	351990
	352085	352085
	352180	352180
	352274	352274
	352369	352369
	352463	352463
	352558	352558
	352653	352653
	352747	352747
	352842	352842
	352937
	391435	391435
	391530	391530
	391625	391625
	391719	391719
	391814	391814
	391909	391909
	392003	392003
	392098	392098
	392193	392193
	392287	392287
	392382	392382
	428995
	429090	429090
	429185	429185
	429279	429279
	429374	429374
	429469	429469
	429563	429563
	429658	429658
	429753	429753
	429847	429847
	429942	429942
	430037	430037
	30156
	30253	30253
	30349	30349
	30446	30446
	30543	30543
	30640	30640
	30736	30736
	30833	30833
	30930	30930
	31027	31027
	31124	31124
	31220	31220
	65585	65585
	65682	65682
	65778	65778
	65875	65875
	65972	65972
	66069	66069
	66166	66166
	66262	66262
	66359	66359
	66456	66456
	66553	66553
	
	108115	108115
	108210	108210
	108305	108305
	108399	108399
	108494	108494
	108589	108589
	108684	108684
	108778	108778
	108873	108873
	108968	108968
	109062	109062
	109157
	51658	51658
	51755	51755
	51852	51852
	51948	51948
	52045	52045
	52142	52142
	52239	52239
	52335	52335
	52432	52432
	52529	52529
	52626	87647
	87744	87744
	87841	87841
	87938	87938
	88035	88035
	88131	88131
	88228	88228
	88325	88325
	88422	88422
	88519	88519
	88616	88616
	88712		126052	126052
	126147	126147
	126242	126242
	126336	126336
	126431	126431
	126526	126526
	126620	126620
	126715	126715
	126810	126810
	126904	126904
	126999	126999
204679	204679
	204773	204773
	204867	204867
	204961	204961
	205055	205055
	205149	205149
	205243	205243
	205337	205337
	205431	205431
	205525	205525
	205619	205619
	232663	232663
	232758	232758
	232852	232852
	232947	232947
	233042	233042
	233136	233136
	233231	233231
	233326	233326
	233420	233420
	233515	233515
		280392	280392
	280486	280486
	280581	280581
	280675	280675
	280769	280769
	280864	280864
	280958	280958
	281053	281053
	281147	281147
	281241	281241
	281336	281336	308270
	308365	308365
	308459	308459
	308554	308554
	308649	308649
	308743	308743
	308838	308838
	308932	308932
	309027	309027
	309122	309122
	309216		352937
	353031	353031
	353126	353126
	353221	353221
	353315	353315
	353410	353410
	353505	353505
	353599	353599
	353694	353694
	353789	353789
	353883	353883
392477	392477
	392571	392571
	392666	392666
	392761	392761
	392855	392855
	392950	392950
	393045	393045
	393139	393139
	393234	393234
	393329	393329
	393423	393423
	430132	430132
	430226	430226
	430321	430321
	430416	430416
	430510	430510
	430605	430605
	430700	430700
	430794	430794
	430889	430889
	430984	430984
	431078		456062	456062
	456157	456157
	456251	456251
	456346	456346
	456440	456440
	456535	456535
	456630	456630
	456724	456724
	456819	456819
	456913	456913
	457007	457007
	457102	457102
	457196	457196
	457291	457291
	457385	457385
	457480	457480
	457574	457574
	457669	
	31317	31317
	31414	31414
	31511	31511
	31608	31608
	31704	31704
	31801	31801
	31898	31898
	31995	31995
	32092	32092
	32188	32188
	32285	32285
66650	66650
	66746	66746
	66843	66843
	66940	66940
	67037	67037
	67134	67134
	67230	67230
	67327	67327
	67424	67424
	67521	67521
	67618	67618
	67714		109157
	109252	109252
	109346	109346
	109441	109441
	109536	109536
	109630	109630
	109725	109725
	109820	109820
	109914	109914
	110009	110009
	110104	110104
	110198	110198
		52626
	52723	52723
	52819	52819
	52916	52916
	53013	53013
	53110	53110
	53207	53207
	53303	53303
	53400	53400
	53497	53497
	53594	53594
	88712
	88809	88809
	88906	88906
	89003	89003
	89100	89100
	89197	89197
	89293	89293
	89390	89390
	89487	89487
	89584	89584
	89681	89681
	89777	89777
		127094	127094
	127188	127188
	127283	127283
	127378	127378
	127472	127472
	127567	127567
	127662	127662
	127756	127756
	127851	127851
	127946	127946
	128040	128040
	128135	205713	205713
	205808	205808
	205902	205902
	205996	205996
	206090	206090
	206184	206184
	206278	206278
	206372	206372
	206466	206466
	206560	206560
	206654	206654
	233609	233609
	233704	233704
	233799	233799
	233893	233893
	233988	233988
	234083	234083
	234177	234177
	234272	234272
	234367	234367
	234461	234461
	234556	234556

	281430	281430
	281525	281525
	281619	281619
	281713	281713
	281808	281808
	281902	281902
	281997	281997
	282091	282091
	282185	282185
	282280	282280
	282374	282374
	282468	309216
	309311	309311
	309406	309406
	309500	309500
	309595	309595
	309690	309690
	309784	309784
	309879	309879
	309974	309974
	310068	310068
	310163	310163
	310258	310258
	353978	353978
	354073	354073
	354167	354167
	354262	354262
	354357	354357
	354451	354451
	354546	354546
	354641	354641
	354735	354735
	354830	354830
	354924	354924
	355019	355019
	393518	393518
	393613	393613
	393707	393707
	393802	393802
	393896	393896
	393991	393991
	394086	394086
	394180	394180
	394275	394275
	394370	394370
	394464	394464
	394559	394559
	431078
	431173	431173
	431267	431267
	431362	431362
	431457	431457
	431551	431551
	431646	431646
	431741	431741
	431835	431835
	431930	431930
	432025	432025
	432119	432119
	432214	457669
	457763	457763
	457858	457858
	457952	457952
	458047	458047
	458141	458141
	458236	458236
	458330	458330
	458425	458425
	458519	458519
	458614	458614
	458708	458708
	458803		32382	32382
	32479	32479
	32576	32576
	32672	32672
	32769	32769
	32866	32866
	32963	32963
	33060	33060
	33156	33156
	33253	33253
	33350	33350
	33447	33447
67714
	67811	67811
	67908	67908
	68005	68005
	68102	68102
	68198	68198
	68295	68295
	68392	68392
	68489	68489
	68586	68586
	68682	68682
	68779	68779
	110293	110293
	110388	110388
	110482	110482
	110577	110577
	110671	110671
	110766	110766
	110861	110861
	110955	110955
	111050	111050
	111145	111145
	111239	111239
	111334	111334
	111429	11142953690	53690
	53787	53787
	53884	53884
	53980	53980
	54077	54077
	54173	54173
	54270	54270
	54367	54367
	54463	54463
	54560	54560
	54656	54656
	54753	54753
89874	89874
	89971	89971
	90068	90068
	90165	90165
	90261	90261
	90358	90358
	90455	90455
	90552	90552
	90649	90649
	90745	90745
	90842	90842
	90939	90939
		128135
	128229	128229
	128324	128324
	128418	128418
	128513	128513
	128607	128607
	128702	128702
	128796	128796
	128891	128891
	128985	128985
	129080	129080
	129174	129174
	129269206748	206748
	206842	206842
	206936	206936
	207031	207031
	207125	207125
	207219	207219
	207313	207313
	207407	207407
	207501	207501
	207596	207596
	207690	207690
	207784	207784
	207878	234651	234651
	234745	234745
	234840	234840
	234935	234935
	235029	235029
	235124	235124
	235219	235219
	235313	235313
	235408	235408
	235502	235502
	235597	235597
	235692	235692282468
	282563	282563
	282657	282657
	282751	282751
	282845	282845
	282940	282940
	283034	283034
	283128	283128
	283223	283223
	283317	283317
	283411	283411
	283506	283506
	283600	310352	310352
	310447	310447
	310542	310542
	310636	310636
	310731	310731
	310825	310825
	310920	310920
	311015	311015
	311110	311110
	311204	311204
	311299	311299
	311393	355114	355114
	355208	355208
	355303	355303
	355398	355398
	355492	355492
	355587	355587
	355682	355682
	355776	355776
	355871	355871
	355966	355966
	356060	356060
	356155	394654	394654
	394748	394748
	394843	394843
	394938	394938
	395032	395032
	395127	395127
	395222	395222
	395316	395316
	395411	395411
	395506	395506
	395600	395600
	395695	395695
432214
	432309	432309
	432403	432403
	432498	432498
	432593	432593
	432687	432687
	432782	432782
	432877	432877
	432971	432971
	433066	433066
	433160	433160
	433255	433255
	433350458803
	458898	458898
	458992	458992
	459087	459087
	459182	459182
	459276	459276
	459371	459371
	459466	459466
	459560	459560
	459655	459655
	459750	459750
	459844	459844
		33544	33544
	33640	33640
	33737	33737
	33834	33834
	33931	33931
	34028	34028
	34124	34124
	34221	34221
	34318	34318
	34415	34415
	34512	34512
	34608	3460868876	68876
	68973	68973
	69070	69070
	69166	69166
	69263	69263
	69360	69360
	69457	69457
	69554	69554
	69650	69650
	69747	69747
	69844	69844
	69941	69941
	111523	111523
	111618	111618
	111713	111713
	111807	111807
	111902	111902
	111996	111996
	112091	112091
	112186	112186
	112280	112280
	112375	112375
	112469	112469
	112564	54850	54850
	54947	54947
	55043	55043
	55140	55140
	55237	55237
	55333	55333
	55430	55430
	55527	55527
	55623	55623
	55720	55720
	55817	91036	91036
	91133	91133
	91229	91229
	91326	91326
	91423	91423
	91520	91520
	91617	91617
	91713	91713
	91810	91810
	91907	91907
	92004	92004
	92101		129269
	129363	129363
	129458	129458
	129552	129552
	129647	129647
	129741	129741
	129836	129836
	129930	129930
	130025	130025
	130119	130119
	130214	130214
	130308	130308	207878
	207973	207973
	208067	208067
	208161	208161
	208255	208255
	208350	208350
	208444	208444
	208538	208538
	208633	208633
	208727	208727
	208821	208821
	208916	
	235786	235786
	235881	235881
	235976	235976
	236071	236071
	236165	236165
	236260	236260
	236355	236355
	236449	236449
	236544	236544
	236639	236639
	236733	283600
	283694	283694
	283788	283788
	283883	283883
	283977	283977
	284072	284072
	284166	284166
	284260	284260
	284355	284355
	284449	284449
	284543	284543
	284638	284638	311393
	311488	311488
	311583	311583
	311677	311677
	311772	311772
	311867	311867
	311961	311961
	312056	312056
	312151	312151
	312245	312245
	312340	312340
356155
	356250	356250
	356344	356344
	356439	356439
	356534	356534
	356628	356628
	356723	356723
	356817	356817
	356912	356912
	357007	357007
	357101	357101
	357196	357196	395790	395790
	395885	395885
	395979	395979
	396074	396074
	396169	396169
	396263	396263
	396358	396358
	396452	396452
	396547	396547
	396642	396642
	396736	396736
	433350
	433444	433444
	433539	433539
	433634	433634
	433728	433728
	433823	433823
	433918	433918
	434012	434012
	434107	434107
	434202	434202
	434296	434296
	434391	434391459939	459939
	460034	460034
	460128	460128
	460223	460223
	460317	460317
	460412	460412
	460507	460507
	460601	460601
	460696	460696
	460791	460791
	460885	460885
	460980	460980
	34705	34705
	34802	34802
	34899	34899
	34996	34996
	35092	35092
	35189	35189
	35286	35286
	35383	35383
	35480	35480
	35576	35576
	35673	35673
	
	70037	70037
	70133	70133
	70230	70230
	70326	70326
	70422	70422
	70519	70519
	70615	70615
	70712	70712
	70808	70808
	70905	70905
	71001	71001
		112564
	112658	112658
	112752	112752
	112847	112847
	112942	112942
	113036	113036
	113131	113131
	113226	113226
	113320	113320
	113415	113415
	113510	113510
	113604	113604
	113699	11369955817
	55913	55913
	56010	56010
	56106	56106
	56203	56203
	56299	56299
	56396	56396
	56493	56493
	56589	56589
	56686	56686
	56783	56783
	56880	56880
92101
	92197	92197
	92294	92294
	92391	92391
	92488	92488
	92585	92585
	92682	92682
	92779	92779
	92875	92875
	92972	92972
	93069	93069
	93166	93166
	93263	93263
	130403	130403
	130497	130497
	130592	130592
	130686	130686
	130781	130781
	130875	130875
	130970	130970
	131064	131064
	131159	131159
	131253	131253
	131348	131348
	131442	208916
	209010	209010
	209104	209104
	209199	209199
	209293	209293
	209387	209387
	209482	209482
	209576	209576
	209671	209671
	209765	209765
	209860	209860
	209955	209955
		236733
	236828	236828
	236923	236923
	237017	237017
	237112	237112
	237207	237207
	237301	237301
	237396	237396
	237491	237491
	237585	237585
	237680	237680
	237775	237775

	284732	284732
	284826	284826
	284921	284921
	285015	285015
	285109	285109
	285204	285204
	285298	285298
	285392	285392
	285487	285487
	285581	285581
	285675	285675
	285770		312435	312435
	312529	312529
	312624	312624
	312719	312719
	312813	312813
	312908	312908
	313003	313003
	313097	313097
	313192	313192
	313286	313286
	313381	313381
	313476	313476
	357291	357291
	357385	357385
	357480	357480
	357575	357575
	357669	357669
	357764	357764
	357859	357859
	357953	357953
	358048	358048
	358143	358143
	358237	358237
	358332	358332
	396831	396831
	396926	396926
	397020	397020
	397115	397115
	397210	397210
	397304	397304
	397399	397399
	397494	397494
	397588	397588
	397683	397683
	397778	397778
	397872	397872
	397967	
	434486	434486
	434580	434580
	434675	434675
	434770	434770
	434864	434864
	434959	434959
	435053	435053
	435148	435148
	435243	435243
	435337	435337
	435432	435432
	435527	435527
	461075	461075
	461169	461169
	461264	461264
	461359	461359
	461453	461453
	461548	461548
	461643	461643
	461737	461737
	461832	461832
	461927	461927
	462021	462021
	462116	46211635770	35770
	35867	35867
	35964	35964
	36060	36060
	36157	36157
	36254	36254
	36351	36351
	36448	36448
	36544	36544
	36641	36641
	36738	36738
	36835	36835
71096	71096
	71192	71192
	71287	71287
	71382	71382
	71478	71478
	71574	71574
	71669	71669
	71765	71765
	71861	71861
	71957	71957
	72054	72054
	72150	72150

	113794	113794
	113888	113888
	113983	113983
	114078	114078
	114171	114171
	114264	114264
	114359	114359
	114453	114453
	114548	114548
	114643	114643
	114737	114737
	114832		56977	56977
	57073	57073
	57170	57170
	57267	57267
	57364	57364
	57460	57460
	57557	57557
	57654	57654
	57751	57751
	57847	57847
	57944	57944

	93359	93359
	93456	93456
	93553	93553
	93650	93650
	93747	93747
	93843	93843
	93940	93940
	94037	94037
	94134	94134
	94231	94231
	94327	94327
131442
	131537	131537
	131631	131631
	131726	131726
	131821	131821
	131915	131915
	132010	132010
	132105	132105
	132199	132199
	132294	132294
	132388	132388
	132483	132483
210049	210049
	210144	210144
	210239	210239
	210333	210333
	210428	210428
	210522	210522
	210617	210617
	210712	210712
	210806	210806
	210901	210901
	210996	210996
	211090	237869	237869
	237964	237964
	238059	238059
	238153	238153
	238248	238248
	238342	238342
	238437	238437
	238532	238532
	238627	238627
	238721	238721
	238816	285770
	285864	285864
	285959	285959
	286053	286053
	286147	286147
	286242	286242
	286336	286336
	286431	286431
	286525	286525
	286619	286619
	286714	286714
	286808	286808

	313570	313570
	313665	313665
	313760	313760
	313854	313854
	313949	313949
	314044	314044
	314138	314138
	314233	314233
	314328	314328
	314422	314422
	314517	358427	358427
	358521	358521
	358616	358616
	358710	358710
	358805	358805
	358900	358900
	358994	358994
	359089	359089
	359184	359184
	359278	359278
	359373	359373
397967
	398062	398062
	398156	398156
	398251	398251
	398345	398345
	398440	398440
	398535	398535
	398629	398629
	398724	398724
	398819	398819
	398914	398914
	399008	
	435621	435621
	435716	435716
	435811	435811
	435905	435905
	436000	436000
	436095	436095
	436189	436189
	436284	436284
	436379	436379
	436473	436473
	436568	436568
	462211	462211
	462305	462305
	462400	462400
	462494	462494
	462589	462589
	462684	462684
	462778	462778
	462873	462873
	462968	462968
	463062	463062
	463157	463157
	36932	36932
	37028	37028
	37125	37125
	37222	37222
	37319	37319
	37416	37416
	37512	37512
	37609	37609
	37706	37706
	37803	37803
	37900	37900
	72246	72246
	72343	72343
	72439	72439
	72535	72535
	72632	72632
	72728	72728
	72825	72825
	72921	72921
	73018	73018
	73114	73114
	73211	73211
114832
	114926	114926
	115021	115021
	115116	115116
	115211	115211
	115305	115305
	115400	115400
	115495	115495
	115589	115589
	115684	115684
	115779	115779
	115873	115873
		58041	58041
	58138	58138
	58234	58234
	58331	58331
	58428	58428
	58525	58525
	58621	58621
	58718	58718
	58815	58815
	58912	58912
	59009	59009	94424	94424
	94521	94521
	94618	94618
	94715	94715
	94811	94811
	94908	94908
	95005	95005
	95102	95102
	95199	95199
	95295	95295
	95392	95392
	95489	132578	132578
	132673	132673
	132767	132767
	132862	132862
	132957	132957
	133051	133051
	133146	133146
	133241	133241
	133335	133335
	133430	133430
	133525	133525
		211090
	211185	211185
	211280	211280
	211374	211374
	211469	211469
	211564	211564
	211658	211658
	211753	211753
	211848	211848
	211942	211942
	212037	212037
	212132	212132
238816
	238911	238911
	239005	239005
	239100	239100
	239195	239195
	239289	239289
	239384	239384
	239479	239479
	239573	239573
	239668	239668
	239763	239763
	239858	239858
	286903	286903
	286997	286997
	287091	287091
	287186	287186
	287280	287280
	287375	287375
	287469	287469
	287563	287563
	287658	287658
	287752	287752
	287847	287847
	287941	287941	314517
	314612	314612
	314706	314706
	314801	314801
	314896	314896
	314990	314990
	315085	315085
	315180	315180
	315274	315274
	315369	315369
	315463	315463
	315558	315558	359468	359468
	359562	359562
	359657	359657
	359752	359752
	359846	359846
	359941	359941
	360036	360036
	360130	360130
	360225	360225
	360320	360320
	360414	360414
	360509	360509399008
	399103	399103
	399198	399198
	399292	399292
	399387	399387
	399482	399482
	399576	399576
	399671	399671
	399766	399766
	399860	399860
	399955	399955
	400050	400050
	400144	400144
	436663	436663
	436757	436757
	436852	436852
	436947	436947
	437041	437041
	437136	437136
	437231	437231
	437325	437325
	437420	437420
	437515	437515
	437609	437609
	437704		463252	463252
	463346	463346
	463441	463441
	463536	463536
	463630	463630
	463725	463725
	463820	463820
	463914	463914
	464009	464009
	464104	464104
	464198	464198
	464293	464293
		37996	37996
	38093	38093
	38190	38190
	38287	38287
	38384	38384
	38480	38480
	38577	38577
	38674	38674
	38771	38771
	38868	38868
	38964	38964
	39061	39061
		73307	73307
	73404	73404
	73500	73500
	73597	73597
	73693	73693
	73790	73790
	73886	73886
	73983	73983
	74079	74079
	74176	74176
	74272	74272
	74369	74369
115968	115968
	116063	116063
	116158	116158
	116252	116252
	116347	116347
	116442	116442
	116536	116536
	116631	116631
	116726	116726
	116820	116820
	116915	116915
	117010	117010
	117104	117104
	59105	59105
	59202	59202
	59299	59299
	59396	59396
	59493	59493
	59589	59589
	59686	59686
	59783	59783
	59880	59880
	59977	59977
	60073	60073
		95489
	95586	95586
	95683	95683
	95779	95779
	95876	95876
	95973	95973
	96070	96070
	96167	96167
	96264	96264
	96361	96361
	96457	96457
	96554	96554
	96651133619	133619
	133714	133714
	133809	133809
	133903	133903
	133998	133998
	134093	134093
	134187	134187
	134282	134282
	134376	134376
	134471	134471
	134566	134566
	134660	134660
	212226	212226
	212321	212321
	212415	212415
	212510	212510
	212605	212605
	212699	212699
	212794	212794
	212889	212889
	212983	212983
	213078	213078
	213172	213172
	213267	213267	239952	239952
	240047	240047
	240142	240142
	240236	240236
	240331	240331
	240426	240426
	240520	240520
	240615	240615
	240709	240709
	240804	240804
	240899	240899

	288035	288035
	288130	288130
	288224	288224
	288318	288318
	288412	288412
	288507	288507
	288601	288601
	288695	288695
	288788	288788
	288883	288883
	288977	288977
	289070
	315653	315653
	315747	315747
	315842	315842
	315937	315937
	316031	316031
	316126	316126
	316221	316221
	316315	316315
	316410	316410
	316505	316505
	316599	316599

	360604	360604
	360698	360698
	360793	360793
	360888	360888
	360982	360982
	361077	361077
	361172	361172
	361266	361266
	361361	361361
	361456	361456
	361550	361550
	
	400239	400239
	400334	400334
	400428	400428
	400523	400523
	400617	400617
	400712	400712
	400807	400807
	400901	400901
	400996	400996
	401091	401091
	401185	401185
	401280	437704
	437799	437799
	437893	437893
	437988	437988
	438083	438083
	438177	438177
	438272	438272
	438367	438367
	438461	438461
	438556	438556
	438651	438651
	438745	438745
	464387	464387
	464482	464482
	464577	464577
	464671	464671
	464766	464766
	464861	464861
	464955	464955
	465050	465050
	465145	465145
	465239	465239
	465334	465334
	465429	46542939158	39158
	39255	39255
	39352	39352
	39448	39448
	39545	39545
	39642	39642
	39739	39739
	39836	39836
	39932	39932
	40029	40029
	40126	40126
	40223	40223
	74466	74466
	74562	74562
	74659	74659
	74756	74756
	74852	74852
	74949	74949
	75046	75046
	75143	75143
	75240	75240
	75337	75337
	75433	75433
	75530	75530
	117199	117199
	117294	117294
	117388	117388
	117483	117483
	117578	117578
	117672	117672
	117767	117767
	117862	117862
	117956	117956
	118051	118051
	118145	118145
	118240	60170	60170
	60267	60267
	60364	60364
	60460	60460
	60557	60557
	60654	60654
	60751	60751
	60847	60847
	60944	60944
	61041	61041
	61138	61138
	96651
	96748	96748
	96845	96845
	96942	96942
	97038	97038
	97135	97135
	97232	97232
	97329	97329
	97426	97426
	97522	97522
	97619	97619
	97716	97716
	134755	134755
	134850	134850
	134944	134944
	135039	135039
	135134	135134
	135228	135228
	135323	135323
	135418	135418
	135512	135512
	135607	135607
	135702	135702
	135796
	213362	213362
	213456	213456
	213551	213551
	213646	213646
	213740	213740
	213835	213835
	213930	213930
	214024	214024
	214119	214119
	214213	214213
	214307	214307
	214402		240993	240993
	241088	241088
	241183	241183
	241277	241277
	241372	241372
	241467	241467
	241561	241561
	241656	241656
	241751	241751
	241845	241845
	241940	241940
		289070
	289164	289164
	289259	289259
	289353	289353
	289448	289448
	289542	289542
	289637	289637
	289731	289731
	289826	289826
	289920	289920
	290014	290014
	290109	290109
		316694	316694
	316789	316789
	316883	316883
	316978	316978
	317073	317073
	317167	317167
	317262	317262
	317357	317357
	317451	317451
	317546	317546
	317640	317640
	317735361645	361645
	361740	361740
	361834	361834
	361929	361929
	362024	362024
	362118	362118
	362213	362213
	362307	362307
	362402	362402
	362497	362497
	362591	362591
	362686	362686
	401280
	401375	401375
	401469	401469
	401564	401564
	401659	401659
	401753	401753
	401848	401848
	401943	401943
	402037	402037
	402132	402132
	402227	402227
	402321	402321
	402416438840	438840
	438934	438934
	439029	439029
	439124	439124
	439218	439218
	439313	439313
	439408	439408
	439502	439502
	439597	439597
	439692	439692
	439786	439786
	439881	439881

	465523	465523
	465618	465618
	465712	465712
	465805	465805
	465900	465900
	465994	465994
	466089	466089
	466184	466184
	466278	466278
	466373	466373
	466468	466468
	466562		40320	40320
	40416	40416
	40513	40513
	40610	40610
	40707	40707
	40804	40804
	40900	40900
	40997	40997
	41094	41094
	41191	41191
	41288	41288
	41384	
	75627	75627
	75724	75724
	75821	75821
	75917	75917
	76014	76014
	76111	76111
	76208	76208
	76305	76305
	76401	76401
	76498	76498
	76595	76595
	76691	118240
	118335	118335
	118429	118429
	118524	118524
	118619	118619
	118713	118713
	118808	118808
	118903	118903
	118997	118997
	119092	119092
	119187	119187
	119281	119281
	119376	119376	61235	61235
	61331	61331
	61428	61428
	61525	61525
	61622	61622
	61718	61718
	61815	61815
	61911	61911
	62008	62008
	62105	62105
	62202	62202
		97813	97813
	97910	97910
	98006	98006
	98103	98103
	98200	98200
	98297	98297
	98394	98394
	98490	98490
	98587	98587
	98684	98684
	98781	98781
	98878		135796
	135891	135891
	135986	135986
	136080	136080
	136175	136175
	136269	136269
	136364	136364
	136459	136459
	136553	136553
	136648	136648
	136743	136743
	136837	136837
	136932214402
	214496	214496
	214591	214591
	214685	214685
	214780	214780
	214875	214875
	214969	214969
	215064	215064
	215159	215159
	215253	215253
	215348	215348
	215443	215443
242035	242035
	242129	242129
	242224	242224
	242319	242319
	242413	242413
	242508	242508
	242602	242602
	242697	242697
	242792	242792
	242886	242886
	242981	242981
	243076290203	290203
	290297	290297
	290391	290391
	290485	290485
	290579	290579
	290673	290673
	290767	290767
	290861	290861
	290955	290955
	291049	291049
	291143	291143
	291238	291238	317735
	317830	317830
	317924	317924
	318019	318019
	318114	318114
	318208	318208
	318303	318303
	318398	318398
	318492	318492
	318587	318587
	318682	318682
	318776362781	362781
	362875	362875
	362970	362970
	363065	363065
	363159	363159
	363254	363254
	363349	363349
	363443	363443
	363538	363538
	363633	363633
	363727	363727
	363822	402416
	402511	402511
	402605	402605
	402700	402700
	402795	402795
	402889	402889
	402984	402984
	403079	403079
	403173	403173
	403268	403268
	403363	403363
	403457		439976	439976
	440070	440070
	440165	440165
	440259	440259
	440354	440354
	440449	440449
	440543	440543
	440638	440638
	440733	440733
	440827	440827
	440922	440922
	466562
	466657	466657
	466751	466751
	466846	466846
	466940	466940
	467034	467034
	467128	467128
	467222	467222
	467316	467316
	467410	467410
	467504	467504
	467598	467598
41384
	41481	41481
	41578	41578
	41675	41675
	41772	41772
	41868	41868
	41965	41965
	42062	42062
	42159	42159
	42256	42256
	42352	42352
	42449	42449
76691
	76787	76787
	76883	76883
	76979	76979
	77076	77076
	77172	77172
	77268	77268
	77364	77364
	77460	77460
	77556	77556
	77652	77652
	77748	77748

	119471	119471
	119565	119565
	119660	119660
	119755	119755
	119849	119849
	119944	119944
	120038	120038
	120133	120133
	120228	120228
	120322	120322
	120417	120417
	12051262298	62298
	62395	62395
	62492	62492
	62589	62589
	62685	62685
	62782	62782
	62879	62879
	62976	62976
	63073	63073
	63169	63169
	63266	63266
98878
	98974	98974
	99071	99071
	99168	99168
	99265	99265
	99362	99362
	99458	99458
	99555	99555
	99652	99652
	99749	99749
	99846	99846
	99942	99942	136932
	137027	137027
	137121	137121
	137216	137216
	137311	137311
	137405	137405
	137500	137500
	137595	137595
	137689	137689
	137784	137784
	137879	137879
	137973		215537	215537
	215632	215632
	215727	215727
	215821	215821
	215916	215916
	216011	216011
	216106	216106
	216200	216200
	216295	216295
	216389	216389
	216484	216484
	243076
	243170	243170
	243265	243265
	243360	243360
	243454	243454
	243549	243549
	243644	243644
	243738	243738
	243833	243833
	243928	243928
	244022	244022

	291332	291332
	291426	291426
	291520	291520
	291614	291614
	291708	291708
	291802	291802
	291896	291896
	291990	291990
	292084	292084
	292178	292178
	292273	292273	318776
	318871	318871
	318966	318966
	319060	319060
	319155	319155
	319250	319250
	319344	319344
	319439	319439
	319533	319533
	319628	319628
	319723	319723
	363822
	363917	363917
	364012	364012
	364106	364106
	364201	364201
	364295	364295
	364390	364390
	364485	364485
	364579	364579
	364674	364674
	364768	364768
	364863	364863
403457
	403552	403552
	403647	403647
	403741	403741
	403836	403836
	403931	403931
	404025	404025
	404120	404120
	404215	404215
	404309	404309
	404404	404404
	404499	404499
441017	441017
	441111	441111
	441206	441206
	441301	441301
	441395	441395
	441490	441490
	441585	441585
	441679	441679
	441774	441774
	441869	441869
	441963	441963
	442058		467692	467692
	467786	467786
	467881	467881
	467975	467975
	468069	468069
	468163	468163
	468257	468257
	468351	468351
	468445	468445
	468540	468540
	468634	468634
	468728		42546	42546
	42643	42643
	42740	42740
	42836	42836
	42933	42933
	43030	43030
	43127	43127
	43224	43224
	43320	43320
	43417	43417
	43514	43514
	43611	43611	77844	77844
	77939	77939
	78034	78034
	78129	78129
	78225	78225
	78321	78321
	78417	78417
	78514	78514
	78610	78610
	78706	78706
	78802	78802
	78898	78898	120512
	120606	120606
	120701	120701
	120796	120796
	120890	120890
	120985	120985
	121080	121080
	121174	121174
	121269	121269
	121364	121364
	121458	121458
	121553	121553
	121648	121648
	63363	63363
	63460	63460
	63557	63557
	63654	63654
	63750	63750
	63847	63847
	63944	63944
	64041	64041
	64138	64138
	64234	64234
	64331	64331
	
	100038	100038
	100133	100133
	100228	100228
	100322	100322
	100417	100417
	100512	100512
	100606	100606
	100701	100701
	100796	100796
	100890	100890
	100985	100985
	101080	101080137973
	138068	138068
	138162	138162
	138257	138257
	138352	138352
	138446	138446
	138541	138541
	138636	138636
	138730	138730
	138825	138825
	138920	138920
	139014	139014
	139109	139109	216579	216579
	216673	216673
	216768	216768
	216863	216863
	216957	216957
	217052	217052
	217147	217147
	217241	217241
	217336	217336
	217431	217431
	217525	217525
	217620	217620
	244117	244117
	244212	244212
	244306	244306
	244401	244401
	244496	244496
	244590	244590
	244685	244685
	244780	244780
	244874	244874
	244969	244969
	245064	245064
	245158	
	292367	292367
	292461	292461
	292555	292555
	292650	292650
	292744	292744
	292838	292838
	292933	292933
	293027	293027
	293121	293121
	293215	293215
	293310	293310
	293404		319817	319817
	319912	319912
	320007	320007
	320101	320101
	320196	320196
	320291	320291
	320385	320385
	320480	320480
	320575	320575
	320669	320669
	320764	320764
	320859	364958	364958
	365052	365052
	365146	365146
	365240	365240
	365335	365335
	365429	365429
	365523	365523
	365617	365617
	365712	365712
	365806	365806
	365900	365900
	365994		404593	404593
	404688	404688
	404782	404782
	404877	404877
	404972	404972
	405066	405066
	405161	405161
	405256	405256
	405350	405350
	405445	405445
	405540	405540
	405634	405634442058
	442152	442152
	442247	442247
	442342	442342
	442436	442436
	442531	442531
	442626	442626
	442720	442720
	442815	442815
	442910	442910
	443004	443004
	443099	443099
	443194	468728
	468822	468822
	468916	468916
	469010	469010
	469104	469104
	469198	469198
	469292	469292
	469386	469386
	469480	469480
	469575	469575
	469669	469669
	469763	469763
	469857
	43708	43708
	43804	43804
	43901	43901
	43998	43998
	44095	44095
	44192	44192
	44288	44288
	44385	44385
	44482	44482
	44579	44579
	44676	44676
	
	78994	78994
	79090	79090
	79186	79186
	79282	79282
	79378	79378
	79474	79474
	79569	79569
	79665	79665
	79761	79761
	79856	79856
	79952	79952
		121742	121742
	121837	121837
	121931	121931
	122026	122026
	122121	122121
	122215	122215
	122310	122310
	122405	122405
	122499	122499
	122594	122594
	122689	122689
	122783	12278364428	64428
	64525	64525
	64622	64622
	64718	64718
	64815	64815
	64912	64912
	65009	65009
	65106	65106
	65202	65202
	65299	65299
	65396	65396
	
	101174	101174
	101269	101269
	101364	101364
	101458	101458
	101553	101553
	101648	101648
	101742	101742
	101837	101837
	101932	101932
	102026	102026
	102121	102121
	102216
	139204	139204
	139298	139298
	139393	139393
	139488	139488
	139582	139582
	139677	139677
	139772	139772
	139866	139866
	139961	139961
	140055	140055
	140150	140150
	140245	217715	217715
	217809	217809
	217904	217904
	217999	217999
	218093	218093
	218188	218188
	218283	218283
	218377	218377
	218472	218472
	218566	218566
	218661	218661
	218756	245158
	245253	245253
	245348	245348
	245442	245442
	245537	245537
	245632	245632
	245726	245726
	245821	245821
	245916	245916
	246010	246010
	246105	246105
	246200293404
	293498	293498
	293592	293592
	293687	293687
	293781	293781
	293875	293875
	293970	293970
	294064	294064
	294158	294158
	294253	294253
	294347	294347
	294441	294441
	294535	320859
	320953	320953
	321048	321048
	321143	321143
	321237	321237
	321332	321332
	321426	321426
	321521	321521
	321616	321616
	321710	321710
	321805	321805
	321900365994
	366089	366089
	366183	366183
	366278	366278
	366372	366372
	366466	366466
	366560	366560
	366655	366655
	366749	366749
	366843	366843
	366938	366938
	367032	367032

	405729	405729
	405824	405824
	405919	405919
	406013	406013
	406108	406108
	406203	406203
	406297	406297
	406392	406392
	406487	406487
	406581	406581
	406676	406676
	406771443194
	443288	443288
	443383	443383
	443478	443478
	443572	443572
	443667	443667
	443762	443762
	443856	443856
	443951	443951
	444045	444045
	444140	444140
	444235	444235
		469857
	469951	469951
	470045	470045
	470139	470139
	470233	470233
	470327	470327
	470421	470421
	470515	470515
	470609	470609
	470703	470703
	470797	470797
	470891	470891
44772	44772
	44869	44869
	44966	44966
	45063	45063
	45160	45160
	45256	45256
	45353	45353
	45450	45450
	45547	45547
	45644	45644
	45740	45740
	45837	45837
80048	80048
	80143	80143
	80239	80239
	80335	80335
	80431	80431
	80526	80526
	80622	80622
	80718	80718
	80815	80815
	80912	80912
	81008	81008
	81105	81105

	122878	122878
	122973	122973
	123067	123067
	123162	123162
	123257	123257
	123351	123351
	123446	123446
	123541	123541
	123635	123635
	123730	123730
	123824	123824
	123919	123919
65493	65493
	65590	65590
	65686	65686
	65783	65783
	65880	65880
	65977	65977
	66074	66074
	66170	66170
	66267	66267
	66364	66364
	66461	66461
		102216
	102310	102310
	102405	102405
	102499	102499
	102594	102594
	102689	102689
	102783	102783
	102878	102878
	102973	102973
	103067	103067
	103162	103162
	103257	103257
		140245
	140339	140339
	140434	140434
	140529	140529
	140623	140623
	140718	140718
	140813	140813
	140907	140907
	141002	141002
	141097	141097
	141191	141191
	141286	141286
	141381	218756
	218850	218850
	218945	218945
	219040	219040
	219134	219134
	219229	219229
	219324	219324
	219419	219419
	219513	219513
	219608	219608
	219702	219702
	219797	219797
	219892		246200
	246294	246294
	246389	246389
	246483	246483
	246578	246578
	246672	246672
	246766	246766
	246861	246861
	246955	246955
	247048	247048
	247142	247142
	247237	247237
	294535
	294629	294629
	294723	294723
	294816	294816
	294910	294910
	295004	295004
	295098	295098
	295192	295192
	295286	295286
	295380	295380
	295474	295474
	295568	295568
	295662	321900
	321994	321994
	322089	322089
	322184	322184
	322278	322278
	322373	322373
	322468	322468
	322562	322562
	322657	322657
	322752	322752
	322846	322846
	322941	322941
	367127	367127
	367221	367221
	367315	367315
	367410	367410
	367504	367504
	367598	367598
	367693	367693
	367787	367787
	367881	367881
	367976	367976
	368070	368070
	368164	368164
	368259	406771
	406865	406865
	406960	406960
	407055	407055
	407149	407149
	407244	407244
	407339	407339
	407433	407433
	407528	407528
	407623	407623
	407717	407717
	407812	407812
	407907	407907444329	444329
	444424	444424
	444519	444519
	444613	444613
	444708	444708
	444803	444803
	444897	444897
	444992	444992
	445087	445087
	445181	445181
	445276	445276
	445371	445371
	445465	470985	470985
	471080	471080
	471174	471174
	471268	471268
	471362	471362
	471456	471456
	471550	471550
	471644	471644
	471738	471738
	471832	471832
	471926	471926
	472020	472020
	45934	45934
	46031	46031
	46128	46128
	46224	46224
	46321	46321
	46418	46418
	46515	46515
	46612	46612
	46708	46708
	46805	46805
	46902	46902
	46999	46999	81201	81201
	81298	81298
	81394	81394
	81491	81491
	81587	81587
	81684	81684
	81780	81780
	81877	81877
	81974	81974
	82070	82070
	82167	82167
	82263	82263
	124014	124014
	124108	124108
	124203	124203
	124298	124298
	124392	124392
	124487	124487
	124582	124582
	124676	124676
	124771	124771
	124866	124866
	124960	124960
	125055	125055
	66558	66558
	66655	66655
	66751	66751
	66848	66848
	66945	66945
	67042	67042
	67139	67139
	67236	67236
	67332	67332
	67429	67429
	67526	67526
	67623	103351	103351
	103446	103446
	103541	103541
	103635	103635
	103730	103730
	103825	103825
	103919	103919
	104014	104014
	104109	104109
	104204	104204
	104298	104298
	104393	104393
141381
	141475	141475
	141570	141570
	141665	141665
	141759	141759
	141854	141854
	141948	141948
	142043	142043
	142138	142138
	142232	142232
	142327	142327
	142422	142422
	219892
	219986	219986
	220080	220080
	220175	220175
	220269	220269
	220363	220363
	220457	220457
	220551	220551
	220645	220645
	220739	220739
	220833	220833
	220927	220927
		247331	247331
	247425	247425
	247519	247519
	247613	247613
	247708	247708
	247802	247802
	247896	247896
	247990	247990
	248085	248085
	248179	248179
	248273	248273
	295662
	295756	295756
	295850	295850
	295944	295944
	296038	296038
	296132	296132
	296226	296226
	296320	296320
	296414	296414
	296508	296508
	296602	296602
	296696	296696
	323036	323036
	323130	323130
	323225	323225
	323319	323319
	323414	323414
	323509	323509
	323604	323604
	323698	323698
	323793	323793
	323888	323888
	323982	323982	368259
	368353	368353
	368448	368448
	368542	368542
	368636	368636
	368731	368731
	368825	368825
	368920	368920
	369014	369014
	369108	369108
	369203	369203
	369297	369297

	408001	408001
	408096	408096
	408191	408191
	408285	408285
	408380	408380
	408475	408475
	408569	408569
	408664	408664
	408759	408759
	408853	408853
	408948	408948
	445465
	445560	445560
	445655	445655
	445749	445749
	445844	445844
	445938	445938
	446033	446033
	446128	446128
	446222	446222
	446317	446317
	446412	446412
	446506	446506
		472114	472114
	472208	472208
	472302	472302
	472397	472397
	472491	472491
	472585	472585
	472679	472679
	472773	472773
	472867	472867
	472961	472961
	473055	473055
	473149	
	47096	47096
	47192	47192
	47289	47289
	47386	47386
	47483	47483
	47580	47580
	47676	47676
	47773	47773
	47870	47870
	47967	47967
	48064	48064
	82360	82360
	82456	82456
	82553	82553
	82649	82649
	82746	82746
	82843	82843
	82939	82939
	83036	83036
	83132	83132
	83229	83229
	83325	83325
	83422	125150	125150
	125244	125244
	125339	125339
	125434	125434
	125528	125528
	125623	125623
	125717	125717
	125812	125812
	125907	125907
	126001	126001
	126096	126096
	126191	126191
	67623
	67720	67720
	67816	67816
	67913	67913
	68010	68010
	68107	68107
	68204	68204
	68300	68300
	68397	68397
	68494	68494
	68591	68591
	68688	104488	104488
	104582	104582
	104677	104677
	104771	104771
	104866	104866
	104961	104961
	105055	105055
	105150	105150
	105245	105245
	105339	105339
	105434	105434
	105529142516	142516
	142611	142611
	142706	142706
	142800	142800
	142895	142895
	142990	142990
	143084	143084
	143179	143179
	143274	143274
	143368	143368
	143463	143463
	143558	143558
221022	221022
	221116	221116
	221210	221210
	221305	221305
	221399	221399
	221494	221494
	221589	221589
	221683	221683
	221778	221778
	221872	221872
	221967	221967
	222062	222062
	248367	248367
	248462	248462
	248556	248556
	248650	248650
	248744	248744
	248839	248839
	248933	248933
	249027	249027
	249121	249121
	249216	249216
	249310	249310
	296790	296790
	296884	296884
	296978	296978
	297072	297072
	297166	297166
	297260	297260
	297354	297354
	297448	297448
	297542	297542
	297636	297636
	297730	297730
	297824	297824

	324077	324077
	324172	324172
	324266	324266
	324361	324361
	324456	324456
	324550	324550
	324645	324645
	324740	324740
	324834	324834
	324929	324929
	325024	325024
	369392	369392
	369486	369486
	369581	369581
	369675	369675
	369769	369769
	369864	369864
	369958	369958
	370053	370053
	370147	370147
	370242	370242
	370336	370336
	370430	370430	409043	409043
	409137	409137
	409232	409232
	409327	409327
	409421	409421
	409516	409516
	409611	409611
	409706	409706
	409800	409800
	409895	409895
	409990	409990
	410084	410084
446601	446601
	446696	446696
	446790	446790
	446885	446885
	446980	446980
	447074	447074
	447169	447169
	447264	447264
	447358	447358
	447453	447453
	447548	447548
	447642	447642
473149
	473243	473243
	473337	473337
	473432	473432
	473526	473526
	473621	473621
	473715	473715
	473809	473809
	473904	473904
	473998	473998
	474092	474092
	474187	474187
	474281	474281
	474375	474375
	474470	474470
	474564	474564
	474658	474658
	474753	474753
	474847	474847
	474941	474941
	475036	475036
	475130	475130
	475225	475225
	475319	475319
	475413	475413
	475508	475508
	475602	475602
	475697	475697
	475791	475791
	475885	475885
	475980	475980
	476074	476074
	476169	476169
	476263	476263
	476357	476357
	476452	476452
	476546	476546
	476641	476641
	476735	476735
	476829	476829
	476924	476924
	477018	477018
	477113	477113
	477207	477207
	477301	477301
	477396	477396
	477490	477490
	477585	477585
	477679	477679
	477773	477773
	477868	477868
	477962	477962
	478057	478057
	478151	478151
	478245	478245
	478340	478340
	478434	478434
	478529	478529
	478623	478623
	478717	478717
	478812	478812
	478906	478906
	479001	479001
	479095	479095
	479189	479189
	479284	479284
	479378	479378
	479473	479473
	479567	479567
	479661	479661
	479756	479756
	479850	479850
	479945	479945
	480039	480039
	0	0
	104	104
	205	205
	306	306
	408	408
	509	509
	611	611
	712	712
	813	813
	915	915
	1016	1016
	1115	1115
	1214	1214
	1313	1313
	1412	1412
	1511	1511
	1610	1610
	1709	1709
	1808	1808
	1907	1907
	2006	2006
	2105	2105
	2204	2204
	2303	2303
	2402	2402
	2502	2502
	2601	2601
	2700	2700
	2799	2799
	2898	2898
	2997	2997
	3096	3096
	3195	3195
	3294	3294
	3393	3393
	3492	3492
	3591	3591
	3690	3690
	3789	3789
	3888	3888
	3987	3987
	4086	4086
	4185	4185
	4284	4284
	4383	4383
	4483	4483
	4582	4582
	4681	4681
	4780	4780
	4879	4879
	4978	4978
	5077	5077
	5176	5176
	5275	5275
	5374	5374
	5473	5473
	5572	5572
	5671	5671
	5770	5770
	5869	5869
	5968	5968
	6067	6067
	6166	6166
	6265	6265
	6364	6364
	6464	6464
	6563	6563
	6662	6662
	6761	6761
	6860	6860
	6959	6959
	7058	7058
	7157	7157
	7256	7256
	7355	7355
	7454	7454
	7553	7553
	7652	7652
	7751	7751
	7850	7850
	7949	7949
	8048	8048
	8147	8147
	8246	8246
	8345	8345
	8445	8445
	8544	8544
	8643	8643
	8742	8742
	8841	8841
	8940	8940
	9039	9039
	9138	9138
	9237	9237
	9336	9336
	9435	9435
	9534	9534
	9633	9633
	9732	9732
	9831	9831
	9930	9930
	10029	10029
	10125	10125
	10222	10222
	10319	10319
	10416	10416
	10513	10513
	10609	10609
	10706	10706
	10803	10803
	10900	10900
	10997	10997
	11094	11094
	11190	11190
	11287	11287
	11384	11384
	11481	11481
	11578	11578
		48160	48160
	48257	48257
	48354	48354
	48451	48451
	48548	48548
	48644	48644
	48741	48741
	48838	48838
	48935	48935
	49032	49032
	49128	49128
	49225	49225
	49322	49322
	49419	49419
	49516	49516
	49612	49612
	49709	49709
	49806	49806
	49903	49903
	50000	50000
	50096	50096
	50193	50193
	50290	50290
	50387	50387
	50484	50484
	50580	50580
	50677	50677
	50774	50774
	50871	50871
	50968	50968
	51064	51064
	51161	51161
	51258	51258
	51355	51355
	51452	51452
	51548	51548
	51645	51645
	51742	51742
	51839	51839
	51936	51936
	52032	52032
	52129	52129
	52226	52226
	52323	52323
	52420	52420
	52516	52516
	52613	52613
	52710	52710
	52807	52807
	52904	52904
	53000	53000
	53097	53097
	53194	53194
	53291	53291
	53388	53388
	53484	53484
	53581	53581
	53678	53678
	53775	53775
	53872	53872
	53968	53968
	54065	54065
	54162	54162
	54259	54259
	54356	54356
	54452	54452
	54549	54549
	54646	54646
	54743	54743
	54840	54840
	54936	54936
	55033	55033
	55130	55130
	55227	55227
	55324	55324
	55420	55420
	55517	55517
	55614	55614
	55711	55711
	55808	55808

83422
	83518	83518
	83615	83615
	83711	83711
	83808	83808
	83904	83904
	84001	84001
	84098	84098
	84195	84195
	84291	84291
	84388	84388
	84485	84485
	84582	84582
	84679	84679
	84775	84775
	84872	84872
	84969	84969
	85066	85066
	85163	85163
	85259	85259
	85356	85356
	85453	85453
	85550	85550
	85647	85647
	85743	85743
	85840	85840
	85937	85937
	86034	86034
	86131	86131
	86227	86227
	86324	86324
	86421	86421
	86518	86518
	86615	86615
	86711	86711
	86808	86808
	86905	86905
	87002	87002
	87099	87099
	87195	87195
	87292	87292
	87389	87389
	87486	87486
	87583	87583
	87679	87679
	87776	87776
	87873	87873
	87970	87970
	88067	88067
	88163	88163
	88260	88260
	88357	88357
	88454	88454
	88551	88551
	88647	88647
	88744	88744
	88841	88841
	88938	88938
	89034	89034
	89131	89131
	89228	89228
	89325	89325
	89422	89422
	89518	89518
	89615	89615
	89712	89712
	89809	89809
	89906	89906
	90003	90003
	90100	90100
	90196	90196
	90293	90293
	90390	90390
	90487	90487
	90584	90584
	90680	90680
	90777	90777
	90874	90874
	90971	90971
	91068	91068
	91164	91164
	91261	91261
	91358	91358
	91455	91455
	91552	91552
	91648	91648
	91745	91745
	91842	91842
	91939	91939
	92036	92036
	92132	92132
	92229	92229
	92326	92326
	92423	92423
	92520	92520
	92616	92616
	92713	92713
	92810	92810
	92907	92907
	93004	93004
	93100	93100
	93197	93197
	93294	93294
	93391	93391
	93488	93488
	93584	93584
	93681	93681
	93778	93778
	93875	93875
	93972	93972
	94068	94068
	94165	94165
	94262	94262
	94359	94359
	94456	94456

126285	126285
	126380	126380
	126475	126475
	126569	126569
	126664	126664
	126759	126759
	126853	126853
	126948	126948
	127043	127043
	127137	127137
	127232	127232
	127327	127327
	127421	127421
	127516	127516
	127610	127610
	127705	127705
	127800	127800
	127894	127894
	127989	127989
	128084	128084
	128178	128178
	128273	128273
	128368	128368
	128462	128462
	128557	128557
	128652	128652
	128746	128746
	128841	128841
	128936	128936
	129030	129030
	129125	129125
	129220	129220
	129314	129314
	129409	129409
	129503	129503
	129598	129598
	129693	129693
	129787	129787
	129882	129882
	129977	129977
	130071	130071
	130166	130166
	130261	130261
	130355	130355
	130450	130450
	130545	130545
	130639	130639
	130734	130734
	130829	130829
	130923	130923
	131018	131018
	131113	131113
	131207	131207
	131302	131302
	131396	131396
	131491	131491
	131586	131586
	131680	131680
	131775	131775
	131870	131870
	131964	131964
	132059	132059
	132154	132154
	132248	132248
	132343	132343
	132438	132438

0	0
	104	104
	205	205
	307	307
	408	408
	510	510
	611	611
	713	713
	814	814
	916	916
	1017	1017
	1116	1116
	1215	1215
	1314	1314
	1413	1413
	1512	1512
	1612	1612
	1711	1711
	1810	1810
	1909	1909
	2008	2008
	2107	2107
	2206	2206
	2305	2305
	2404	2404
	2503	2503
	2603	2603
	2702	2702
	2801	2801
	2900	2900
	2999	2999
	3098	3098
	3197	3197
	3296	3296
	3395	3395
	3494	3494
	3593	3593
	3692	3692
	3791	3791
	3890	3890
	3990	3990
	4089	4089
	4188	4188
	4287	4287
	4386	4386
	4485	4485
	4584	4584
	4683	4683
	4782	4782
	4881	4881
	4980	4980
	5079	5079
	5178	5178
	5277	5277
	5376	5376
	5475	5475
	5574	5574
	5673	5673
	5773	5773
	5872	5872
	5971	5971
	6070	6070
	6169	6169
	6268	6268
	6367	6367
	6466	6466
	6565	6565
	6664	6664
	6763	6763
	6862	6862
	6961	6961
	7060	7060
	7159	7159
	7258	7258
	7357	7357
	7456	7456
	7556	7556
	7655	7655
	7754	7754
	7853	7853
	7952	7952
	8051	8051
	8150	8150
	8249	8249
	8348	8348
	8447	8447
	8546	8546
	8645	8645
	8744	8744
	8843	8843
	8942	8942
	9041	9041
	9140	9140
	9239	9239
	9338	9338
	9437	9437
	9536	9536
	9636	9636
	9735	9735
	9834	9834
	9933	9933
	10031	10031
	10128	10128
	10225	10225
	10321	10321
	10418	10418
	10515	10515
	10612	10612
	10709	10709
	10805	10805
	10902	10902
	10999	10999
	11096	11096
	11193	11193
	11289	11289
	11386	11386
	11483	11483
	11580	11580
	11677	11677
	11773	11773
	11870	11870
	11967	11967
	12064	12064
	12161	12161
	12257	12257
	12354	12354
	12451	12451
	12548	12548
	12645	12645
	12741	12741
	12838	12838
	12935	12935
	13032	13032
	13128	13128
	13225	13225
	13322	13322
	13419	13419
	13516	13516
	13612	13612
	13709	13709
	13806	13806
	13903	13903
	14000	14000
	14096	14096
	14193	14193
	14290	14290
	14387	14387
	14484	14484
	14580	14580
	14677	14677
	14774	14774
	14871	14871
	14968	14968
	15064	15064
	15161	15161
	15258	15258
	15355	15355
	15452	15452
	15548	15548
	15645	15645
	15742	15742
	15839	15839
	15936	15936
	16032	16032
	16129	16129
	16226	16226
	16323	16323
	16420	16420
	16516	16516
	16613	16613
	16710	16710
	16807	16807
	16904	16904
	17000	17000
	17097	17097
	17194	17194
	17291	17291
	17388	17388
	17485	17485
	17582	17582
	17678	17678
	17775	17775	68688
	68784	68784
	68881	68881
	68978	68978
	69075	69075
	69172	69172
	69268	69268
	69365	69365
	69462	69462
	69559	69559
	69656	69656
	69752	69752
	69849	69849
	69946	69946
	70043	70043
	70140	70140
	70237	70237
	70333	70333
	70430	70430
	70527	70527
	70624	70624
	70720	70720
	70817	70817
	70913	70913
	71010	71010
	71107	71107
	71203	71203
	71300	71300
	71397	71397
	71493	71493
	71590	71590
	71687	71687
	71783	71783
	71880	71880
	71976	71976
	72073	72073
	72170	72170
	72266	72266
	72363	72363
	72460	72460
	72556	72556
	72653	72653
	72750	72750
	72846	72846
	72943	72943
	73040	73040
	73136	73136
	73233	73233
	73330	73330
	73426	73426
	73523	73523
	73620	73620
	73716	73716
	73813	73813
	73910	73910
	74007	74007
	74103	74103
	74200	74200
	74297	74297
	74393	74393
	74490	74490
	74587	74587
	74683	74683
	74779	74779
	74875	74875
	74971	74971
	75068	75068
	75165	75165
	75262	75262
	75358	75358
	75455	75455
	75552	75552
	75648	75648
	75745	75745
	75842	75842
	75938	75938
	76035	76035
	76131	76131
	76228	76228
	76325	76325
	76421	76421
	76518	76518
	76614	76614
	76709	76709
	76806	76806
	76902	76902
	76999	76999
	77095	77095
	77192	77192
	77289	77289
	77386	77386
	77482	77482

	105529
	105623	105623
	105718	105718
	105812	105812
	105907	105907
	106001	106001
	106096	106096
	106190	106190
	106285	106285
	106379	106379
	106474	106474
	106568	106568
	106663	106663
	106757	106757
	106852	106852
	106946	106946
	107041	107041
	107135	107135
	107230	107230
	107324	107324
	107418	107418
	107511	107511
	107605	107605
	107699	107699
	107793	107793
	107887	107887
	107981	107981
	108075	108075
	108169	108169
	108263	108263
	108357	108357
	108450	108450
	108544	108544
	108638	108638
	108732	108732
	108826	108826
	108920	108920
	109014	109014
	109108	109108
	109202	109202
	109296	109296
	109389	109389
	109483	109483
	109577	109577
	109671	109671
	109765	109765
	109859	109859
	109953	109953
	110047	110047
	110141	110141
	110235	110235
	110328	110328
	110422	110422
	110516	110516
	110610	110610
	110704	110704
	110798	110798
	110892	110892
	110986	110986
	111080	111080
	111174	111174
	111268	111268
	111362	111362
	111456	111456
	111549	111549
	111643	111643
	111737	111737
	111831	111831
	111925	111925
	112019	112019
	112113	112113
	112207	112207
	112301	112301
	112395	112395
	112488	112488
	112582	112582
	112676	112676
	112770	112770
	112864	112864
	112958	112958
	113052	113052
	113146	113146
	113240	113240
	113334	113334
	113427	113427
	113521	113521
	113615	113615
	113710	113710
	113804	113804
	113898	113898
	113993	113993
	114087	114087
	114181	114181
	114276	114276
	114370	114370
	114465	114465
	114559	114559
	114653	114653
	114748	114748
	114842	114842
	114937	114937
	115031	115031
	115125	115125
	115220	115220
	115314	115314
	115409	115409
	115503	115503
	115597	115597
	115692	115692
	115786	115786

	143652	143652
	143747	143747
	143842	143842
	143936	143936
	144031	144031
	144126	144126
	144220	144220
	144315	144315
	144410	144410
	144504	144504
	144599	144599
	144694	144694
	144788	144788
	144883	144883
	144978	144978
	145072	145072
	145167	145167
	145262	145262
	145356	145356
	145451	145451
	145545	145545
	145640	145640
	145735	145735
	145829	145829
	145924	145924
	146019	146019
	146113	146113
	146208	146208
	146303	146303
	146397	146397
	146492	146492
	146587	146587
	146681	146681
	146776	146776
	146871	146871
	146965	146965
	147060	147060
	147155	147155
	147249	147249
	147344	147344
	147439	147439
	147533	147533
	147628	147628
	147723	147723
	147817	147817
	147912	147912
	148007	148007
	148101	148101
	148196	148196
	148291	148291
	148385	148385
	148480	148480
	148575	148575
	148669	148669
	148764	148764
	148858	148858
	148953	148953
	149048	149048
	149142	149142
	149237	149237
	149332	149332
	149426	149426
	149521	149521
	149616	149616
	149710	149710
	149805	149805
	149900	149900
	149994	149994
	150089	150089
	150184	150184
	150278	150278
	150373	150373
	150468	150468
	150562	150562
	150657	150657
	150752	150752
	150846	150846
	150941	150941
	151036	151036
	151130	151130
	151225	151225
	151320	151320
	151414	151414
	151509	151509
	151604	151604
	151698	151698
	151793	151793
	151888	151888
	151982	151982
	152077	152077
	152172	152172
	152266	152266
	152361	152361
	152456	152456
	152550	152550
	152645	152645
	152740	152740
	152834	152834
	152929	152929
	153023	153023
	153118	153118
	153213	153213
	153307	153307
	153402	153402
	153497	153497
	153591	153591

	222156	222156
	222251	222251
	222346	222346
	222440	222440
	222535	222535
	222630	222630
	222724	222724
	222819	222819
	222914	222914
	223008	223008
	223103	223103
	223198	223198
	223292	223292
	223387	223387
	223482	223482
	223576	223576
	223671	223671
	223766	223766
	223860	223860
	223955	223955
	224050	224050
	224144	224144
	224239	224239
	224333	224333
	224428	224428
	224523	224523
	224617	224617
	224712	224712
	224807	224807
	224901	224901
	224996	224996
	225091	225091
	225185	225185
	225280	225280
	225375	225375
	225469	225469
	225564	225564
	225659	225659
	225753	225753
	225848	225848
	225943	225943
	226037	226037
	226132	226132
	226226	226226
	226321	226321
	226416	226416
	226510	226510
	226605	226605
	226699	226699
	226794	226794
	226889	226889
	226983	226983
	227078	227078
	227172	227172
	227267	227267
	227362	227362
	227456	227456
	227551	227551
	227646	227646
	227740	227740
	227835	227835
	227930	227930
	228024	228024
	228119	228119
	228214	228214
	228308	228308
	228403	228403
	228498	228498
	228592	228592
	228687	228687
	228782	228782
	228876	228876
	228971	228971
	229066	229066
	229160	229160

	249404	249404
	249498	249498
	249593	249593
	249687	249687
	249781	249781
	249875	249875
	249970	249970
	250064	250064
	250158	250158
	250252	250252
	250347	250347
	250441	250441
	250535	250535
	250629	250629
	250724	250724
	250818	250818
	250912	250912
	251007	251007
	251101	251101
	251195	251195
	251289	251289
	251384	251384
	251478	251478
	251572	251572
	251666	251666
	251761	251761
	251855	251855
	251949	251949
	252044	252044
	252138	252138
	252232	252232
	252326	252326
	252421	252421
	252515	252515
	252609	252609
	252703	252703
	252798	252798
	252892	252892
	252986	252986
	253081	253081
	253175	253175
	253269	253269
	253364	253364
	253458	253458
	253552	253552
	253646	253646
	253741	253741
	253835	253835
	253929	253929
	254023	254023
	254118	254118
	254212	254212
	254306	254306
	254400	254400
	254495	254495
	254589	254589
	254683	254683
	254778	254778
	254872	254872
	254966	254966
	255060	255060
	255155	255155
	255249	255249
	255343	255343
	255437	255437
	255532	255532
	255626	255626
	255720	255720
	255815	255815
	255909	255909
	256003	256003
	256098	256098
	256192	256192
	256286	256286
	256381	256381
	256475	256475
	256569	256569
	256664	256664
	256758	256758
	256852	256852
	256947	256947
	257041	257041
	257136	257136
	257230	257230
	257324	257324
	257419	257419
	257513	257513
	257607	257607
	257702	257702
	257796	257796
	257891	257891
	257985	257985
	258079	258079
	258174	258174
	258268	258268
	258362	258362
	258457	258457
	258551	258551
	258646	258646
	258740	258740
	258834	258834
	258929	258929
	259023	259023
	259118	259118
	259212	259212
	259306	259306
	259401	259401
	259495	259495
	259589	259589
	259684	259684
	259778	259778
	259872	259872
	259967	259967
	260061	260061
	260156	260156
	260250	260250
	260344	260344
	260439	260439
	260533	260533
	260628	260628
	260722	260722
	260817	260817
	260911	260911
	261006	261006
	261100	261100
	261195	261195
	261289	261289
	261384	261384
	261478	261478
	261572	261572
	261667	261667
	261762	261762
	261856	261856
	261951	261951
	262046	262046
	262140	262140
	262235	262235
	262330	262330
	262424	262424
	262519	262519
	262613	262613
	262708	262708
	262803	262803
	262897	262897
	262992	262992
	263087	263087
	263181	263181
	263276	263276
	263370	263370
	263465	263465
	263560	263560
	263654	263654
	263749	263749
	263843	263843
	263938	263938
	264032	264032
	264127	264127
	264222	264222
	264316	264316
	264411	264411
	264506	264506
	264600	264600
	264695	264695
	264790	264790
	264884	264884
	264979	264979
	265074	265074
	265168	265168
	265263	265263
	265358	265358
	265452	265452
	265547	265547
	265641	265641
	265736	265736
	265831	265831
	265925	265925
	266020	266020
	266115	266115
	266209	266209
	266304	266304
	266399	266399
	266493	266493
	266588	266588
	266683	266683
	266777	266777
	266872	266872
	266967	266967

	297919	297919
	298013	298013
	298108	298108
	298203	298203
	298297	298297
	298392	298392
	298487	298487
	298581	298581
	298676	298676
	298770	298770
	298865	298865
	298959	298959
	299053	299053
	299146	299146
	299240	299240
	299333	299333
	299427	299427
	299520	299520
	299615	299615
	299709	299709
	299803	299803
	299898	299898
	299992	299992
	300087	300087
	300181	300181
	300275	300275
	300369	300369
	300463	300463
	300557	300557
	300651	300651
	300745	300745
	300839	300839
	300933	300933
	301027	301027
	301121	301121
	301215	301215
	301309	301309
	301403	301403
	301496	301496
	301590	301590
	301684	301684
	301778	301778
	301871	301871
	301965	301965
	302060	302060
	302154	302154
	302248	302248
	302343	302343
	302437	302437
	302532	302532
	302626	302626
	302721	302721
	302815	302815
	302909	302909
	303003	303003
	303097	303097
	303191	303191
	303285	303285
	303379	303379
	303473	303473
	303567	303567
	303661	303661
	303755	303755
	303849	303849
	303943	303943
	304037	304037
	304131	304131
	304226	304226
	304320	304320
	304414	304414
	304508	304508
	304602	304602
	304696	304696

	325118	325118
	325213	325213
	325308	325308
	325402	325402
	325497	325497
	325592	325592
	325686	325686
	325781	325781
	325876	325876
	325970	325970
	326065	326065
	326160	326160
	326254	326254
	326349	326349
	326444	326444
	326539	326539
	326633	326633
	326728	326728
	326823	326823
	326917	326917
	327012	327012
	327107	327107
	327201	327201
	327296	327296
	327391	327391
	327486	327486
	327580	327580
	327675	327675
	327770	327770
	327864	327864
	327959	327959
	328053	328053
	328148	328148
	328243	328243
	328337	328337
	328432	328432
	328527	328527
	328621	328621
	328716	328716
	328811	328811
	328905	328905
	329000	329000
	329095	329095
	329189	329189
	329284	329284
	329379	329379
	329473	329473
	329568	329568
	329663	329663
	329757	329757
	329852	329852
	329946	329946
	330041	330041
	330136	330136
	330231	330231
	330325	330325
	330420	330420
	330515	330515
	330609	330609
	330704	330704
	330799	330799
	330893	330893
	330988	330988
	331083	331083
	331177	331177
	331272	331272
	331367	331367
	331461	331461
	331556	331556
	331651	331651
	331745	331745
	331840	331840
	331934	331934
	332029	332029
	332124	332124
	332218	332218
	332312	332312
	332407	332407
	332501	332501
	332596	332596
	332690	332690
	332785	332785
	332879	332879
	332974	332974
	333068	333068
	333163	333163
	333257	333257
	333352	333352
	333446	333446
	333540	333540
	333635	333635
	333729	333729
	333824	333824
	333918	333918
	334013	334013
	334107	334107
	334202	334202
	334296	334296
	334391	334391
	334485	334485
	334580	334580
	334674	334674
	334769	334769
	334863	334863
	334958	334958
	335052	335052
	335147	335147
	335241	335241
	335336	335336
	335430	335430
	335525	335525
	335619	335619
	335714	335714
	335808	335808
	335903	335903
	335997	335997
	336092	336092
	336186	336186
	336281	336281
	336375	336375
	336470	336470
	336564	336564
	336659	336659
	336753	336753
	336848	336848
	336942	336942
	337037	337037
	337131	337131
	337226	337226
	337320	337320
	337415	337415
	337509	337509
	337603	337603
	337698	337698
	337793	337793
	337887	337887
	337982	337982
	338077	338077
	338171	338171
	338266	338266
	338361	338361
	338455	338455
	338550	338550
	338644	338644
	338739	338739
	338834	338834
	338928	338928
	339023	339023
	339118	339118
	339212	339212
	339307	339307
	339402	339402
	339496	339496
	339591	339591
	339686	339686
	339780	339780
	339875	339875
	339970	339970
	340064	340064
	340159	340159
	340254	340254
	340348	340348
	340443	340443
	340537	340537
	340632	340632
	340727	340727
	340821	340821
	340916	340916
	341011	341011
	341105	341105
	341200	341200
	341295	341295
	341389	341389
	341484	341484
	341579	341579
	341673	341673
	341768	341768
	341863	341863
	341957	341957
	342052	342052
	342147	342147
	342241	342241
	342336	342336
	342430	342430
	342525	342525


	370524	370524
	370619	370619
	370714	370714
	370808	370808
	370902	370902
	370997	370997
	371091	371091
	371186	371186
	371280	371280
	371375	371375
	371469	371469
	371564	371564
	371658	371658
	371753	371753
	371847	371847
	371941	371941
	372035	372035
	372129	372129
	372223	372223
	372317	372317
	372411	372411
	372505	372505
	372599	372599
	372693	372693
	372787	372787
	372882	372882
	372976	372976
	373071	373071
	373166	373166
	373260	373260
	373355	373355
	373450	373450
	373544	373544
	373639	373639
	373733	373733
	373827	373827
	373921	373921
	374015	374015
	374109	374109
	374203	374203
	374297	374297
	374391	374391
	374485	374485
	374579	374579
	374673	374673
	374768	374768
	374862	374862
	374956	374956
	375051	375051
	375145	375145
	375239	375239
	375333	375333
	375427	375427
	375521	375521
	375615	375615
	375709	375709
	375803	375803
	375897	375897
	375992	375992
	376086	376086
	376179	376179
	376273	376273
	376367	376367
	376461	376461
	376555	376555
	376649	376649
	376743	376743
	376837	376837
	376931	376931
	377025	377025
	377119	377119
	377213	377213
	377307	377307
	377401	377401
	377495	377495
	377589	377589
	377682	377682
	377776	377776
	377870	377870
	377964	377964
	378058	378058
	378152	378152
	378246	378246
	378340	378340
	378434	378434
	378528	378528
	378622	378622
	378716	378716
	378810	378810
	378904	378904
	378998	378998
	379092	379092
	379186	379186
	379280	379280
	379374	379374
	379468	379468
	379562	379562
	379656	379656
	379750	379750
	379844	379844
	379938	379938
	380033	380033
	380127	380127
	380221	380221
	380315	380315

	410179	410179
	410274	410274
	410368	410368
	410463	410463
	410558	410558
	410652	410652
	410747	410747
	410842	410842
	410936	410936
	411031	411031
	411126	411126
	411220	411220
	411315	411315
	411410	411410
	411505	411505
	411599	411599
	411694	411694
	411789	411789
	411883	411883
	411978	411978
	412073	412073
	412167	412167
	412262	412262
	412357	412357
	412451	412451
	412546	412546
	412641	412641
	412735	412735
	412830	412830
	412925	412925
	413019	413019
	413114	413114
	413209	413209
	413303	413303
	413398	413398
	413493	413493
	413587	413587
	413682	413682
	413777	413777
	413871	413871
	413966	413966
	414061	414061
	414155	414155
	414250	414250
	414345	414345
	414439	414439
	414534	414534
	414629	414629
	414723	414723
	414818	414818
	414913	414913
	415007	415007
	415102	415102
	415197	415197
	415291	415291
	415386	415386
	415481	415481
	415576	415576
	415670	415670
	415765	415765
	415860	415860
	415954	415954
	416049	416049
	416144	416144
	416238	416238
	416333	416333
	416428	416428
	416523	416523
	416617	416617
	416712	416712
	416807	416807
	416901	416901
	416996	416996
	417090	417090
	417185	417185
	417279	417279
	417374	417374
	417468	417468
	417562	417562
	417657	417657
	417751	417751
	417846	417846
	417940	417940
	418034	418034
	418129	418129

	447737	447737
	447831	447831
	447926	447926
	448021	448021
	448115	448115
	448210	448210
	448305	448305
	448399	448399
	448494	448494
	448589	448589
	448683	448683
	448778	448778
	448873	448873
	448967	448967
	449062	449062
	449157	449157
	449251	449251
	449346	449346
	449441	449441
	449535	449535
	449630	449630
	449724	449724
	449819	449819
	449914	449914
	450008	450008
	450103	450103
	450198	450198
	450292	450292
	450387	450387
	450482	450482
	450576	450576
	450671	450671
	450766	450766
	450860	450860
	450955	450955
	451050	451050
	451144	451144
	451239	451239
	451334	451334
	451428	451428
	451523	451523
	451617	451617
	451712	451712
	451806	451806
	451900	451900
	451995	451995
	452089	452089
	452184	452184
	452278	452278
	452373	452373
	452467	452467
	452562	452562
	452656	452656
	452751	452751
	452845	452845
	452939	452939
	453034	453034
	453128	453128
	453223	453223
	453317	453317
	453412	453412
	453506	453506
	453601	453601
	453696	453696
	453790	453790
	453885	453885
	453980	453980
	454074	454074
	454169	454169
	454264	454264
	454358	454358
	454453	454453
	454548	454548
	454642	454642
	454737	454737
	454832	454832
	454926	454926
	455021	455021
	455116	455116
	455210	455210
	455305	455305
	455399	455399
	455494	455494
	455589	455589
	455683	455683
	455778	455778
	455873	455873
	455967	455967

11675	11675
	11772	11772
	11868	11868
	11965	11965
	12062	12062
	12159	12159
	12256	12256
	12352	12352
	12449	12449
	12546	12546
	12643	12643
	12740	12740
	12836	12836
	12933	12933
	13030	
	17872	17872
	17969	17969
	18066	18066
	18163	18163
	18259	18259
	18356	18356
	18453	18453
	18550	18550
	18647	18647
	18743	1874313030
	13127	13127
	13224	13224
	13320	
	18840	18840
	18937	18937
	19034	13320
	13417	13417
	13514	13514
	1361119034
	19131	19131
	19227	19227
	19324	13611
	13708	13708
	13804	13804
		19324
	19421	19421
	19518	19518
13901	13901
	13998	13998
	14095	14095
		19615	19615
	19711	19711
	19808	19808
14192	14192
	14288	14288
	14385	14385
	19905	19905
	20002	20002
	20099		14482	14482
	14579	14579
	14676	14676
20099
	20195	20195
	20292	20292
		14773	14773
	14869	14869
	14966	1496620389	20389
	20486	20486
	20583	20583

	15063	15063
	15160	15160
	15257		20679	20679
	20776	20776
	20873	2087315257
	15353	15353
	15450	15450
	
	20969	20969
	21066	21066
	21162	15547	15547
	15644	15644
	15741	15741
	21162
	21259	21259
	21356	21356
	15837	15837
	15934	15934
	16031	16031
21452	21452
	21549	21549
	21645	21645
	16128	16128
	16225	16225
	16321	16321
	21741	21741
	21837	21837
	21933		16418	16418
	16515	16515
	16612	1661221933
	22029	22029
	22126	22126
	
	16709	16709
	16805	16805
	16902	22222	22222
	22318	22318
	22414	22414
16902
	16999	16999
	17096	17096
	22510	22510
	22606	22606
	22702	22702

	22799	22799
	22895	22895
	22992	22992
	23088	23088
	23185	23185
	23282	23282
	23378	23378
	23475	23475
	23572	23572
	23668	23668
	23765	23765
	23861	23861
	23958	23958
	24055	24055
	24151	24151
	24248	24248
	24345	24345
	24441	24441
	24538	24538
	24634	24634
	24731	24731
	24828	24828
	24924	24924
	25021	25021
	25117	25117
	25214	25214
	25311	25311
	25407	25407
	25504	25504
	25600	25600
	25697	25697
	25794	25794
	25890	25890
	25987	25987
	26084	26084
	26180	26180
	26277	26277
	26374	26374
	26470	26470
	26567	26567
	26664	26664
	26760	26760
	26857	26857
	26954	26954
	27050	27050
	27147	27147
	27243	27243
	27340	27340
	27437	27437
	27533	27533
	27630	27630
	27726	27726
	27823	27823
	27919	27919
	28016	28016
	28112	28112
	28209	28209
	28305	28305
	28402	28402
	28498	28498
	28595	28595
	28691	28691
	28788	28788
	28885	28885
	28981	28981
	29078	29078
	29174	29174
	29271	29271
	29368	29368
	29464	29464
	29561	29561
	29657	29657
	29754	29754
	29851	29851
	29947	29947
	30044	30044
	30140	30140
	30237	30237
	30334	30334
	30430	30430
	30526	30526
	30622	30622
	30718	30718
	30814	30814
	30910	30910
	31007	31007
	31103	31103
	31199	31199
	31295	31295
	31391	31391
	31487	31487
	31583	31583
	31679	31679
	31775	31775
	31872	31872
	31968	31968
	32064	32064
	32160	32160
	32256	32256
	32352	32352
	32448	32448
	32544	32544
	32640	32640
	32736	32736
	32833	32833
	32929	32929
	33025	33025
	33121	33121
	33217	33217
	33313	33313
	33409	33409
	33506	33506
	33603	33603
	33699	33699
	33796	33796
	33892	33892
	33989	33989
	34085	34085
	34182	34182
	34279	34279
	34375	34375
	34472	34472
	34569	34569
	34666	34666
	34763	34763
	34859	34859
	34956	34956
	35053	35053
	35150	35150
	35247	35247
	35343	35343
	35440	35440
	35537	35537
	35634	35634
	35730	35730
	35827	35827
	35924	35924
	36020	36020
	36117	36117
	36214	36214
	36311	36311
	36408	36408
	36504	36504
	36601	36601
	36698	36698
	36795	36795
	36891	36891
	36988	36988
	37085	37085
	37181	37181
	37277	37277
	37374	37374
	37470	37470
	37566	37566
	37662	37662
	37758	37758
	37855	37855
	37951	37951
	38047	38047
	38143	38143
	38239	38239
	38336	38336
	38432	38432
	38528	38528
	38624	38624
	38721	38721
	38817	38817

	153686	153686
	153781	153781
	153875	153875
	153970	153970
	154065	154065
	154159	154159
	154254	154254
	154349	154349
	154443	154443
	154538	154538
	154633	154633
	154727	154727
	154822	154822
	154917	154917
	155011	155011
	155106	155106
	155201	155201
	155295	155295
	155390	155390
	155485	155485
	155579	155579
	155674	155674
	155769	155769
	155863	155863
	155958	155958
	156053	156053
	156147	156147
	156242	156242
	156337	156337
	156431	156431
	156526	156526
	156620	156620
	156715	156715
	156810	156810
	156904	156904
	156999	156999
	157094	157094
	157188	157188
	157283	157283
	157378	157378
	157472	157472
	157567Done
	157567
	157662	157662
	157756	157756
	157851	157851
	157946	157946
	158040	158040
	158135	158135
	158230	158230
	158324	158324
	158419	158419
	158514	158514
	158608	158608
	158703	158703
	158798	158798
	158892	158892
	158987	158987
	159082	159082
	159176	159176
	159271	159271
	159366	159366
	159460	159460
	159555	159555
	159649	159649
	159744	159744
	159838	159838
	159933	159933
	160027	160027
	160122	160122
	160216	160216
	160311	160311
	160405	160405
	160500	160500
	160594	160594
	160689	160689
	160783	160783
	160878	160878
	160972	160972
	161067	161067
	161161	161161
	161256	161256
	161350	161350
	161445	161445
	161540	161540
	161634	161634
	161729	161729
	161824	161824
	161918	161918
	162013	162013
	162108	162108
	162202	162202
	162297	162297
	162392	162392
	162486	162486
	162581	162581
	162676	162676
	162770	162770
	162865	162865
	162960	162960
	163054	163054
	163149	163149
	163244	163244
	163338	163338
	163433	163433
	163528	163528
	163623	163623
	163717	163717
	163812	163812
	163906	163906
	164001	164001
	164096	164096
	164191	164191
	164285	164285
	164380	164380
	164475	164475
	164569	164569
	164664	164664
	164758	164758
	164853	164853
	164948	164948
	165042	165042
	165137	165137
	165231	165231
	165326	165326
	165420	165420
	165514	165514
	165608	165608
	165703	165703
	165797	165797
	165892	165892
	165986	165986
	166081	166081
	166175	166175
	166270	166270
	166364	166364
	166458	166458
	166553	166553
	166647	166647
	166742	166742
	166836	166836
	166931	166931
	167026	167026
	167120	167120
	167215	167215
	167310	167310
	167404	167404
	167499	167499
	167594	167594
	167688	167688
	167783	167783
	167877	167877
	167972	167972
	168067	168067
	168161	168161
	168256	168256
	168351	168351
	168445	168445
	168540	168540
	168635	168635
	168729	168729
	168824	168824
	168919	168919
	169013	169013
	169108	169108
	169202	169202
	169297	169297
	169392	169392
	169486	169486
	169581	169581
	169676	169676
	169770	169770
	169865	169865
	169960	169960
	170054	170054
	170148	170148
	170242	170242
	170337	170337
	170431	170431
	170525	170525
	170619	170619
	170713	170713
	170807	170807
	170902	170902
	170996	170996
	171090	171090
	171184	171184
	171278	171278
	171372	171372
	171466	171466
	171560	171560
	171654	171654
	171748	171748
	171842	171842
	171936	171936
	172031	172031
	172125	172125
	172219	172219
	172313	172313
	172407	172407
	172501	172501
	172596	172596
	172690	172690
	172784	172784
	172878	172878
	172972	172972
	173066	173066
	173160	173160
	173255	173255
	173349	173349
	173443	173443
	173537	173537
	173631	173631
	173725	173725
	173819	173819
	173914	173914
	174008	174008
	174102	174102
	174196	174196
	174290	174290
	174384	174384
	174478	174478
	174571	174571
	174665	174665
	174758	174758
	174851	174851
	174945	174945
	175038	175038
	175131	175131
	175224	175224
	175318	175318
	175411	175411
	175505	175505
	175598	175598
	175692	175692
	175786	175786
	175880	175880
	175973	175973
	176067	176067
	176161	176161
	176255	176255
	176349	176349
	176443	176443
	176538	176538
	176632	176632
	176726	176726
	176820	176820
	176914	176914
	177009	177009
	177103	177103
	177197	177197
	177291	177291
	177385	177385
	177480	177480
	177575	177575
	177669	177669
	177764	177764
	177859	177859
	177954	177954
	178048	178048
	178143	178143
	178238	178238
	178332	178332
	178427	178427
	178522	178522
	178616	178616
	178711	178711
	178806	178806
	178900	178900
	178995	178995
	179090	179090
	179184	179184
	179279	179279
	179373	179373
	179468	179468
	179563	179563
	179658	179658
	179752	179752
	179847	179847
	179942	179942
	180036	180036
	180131	180131
	180226	180226
	180320	180320
	180415	180415
	180510	180510
	180605	180605
	180699	180699
	180794	180794
	180889	180889
	180983	180983
	181078	181078
	181173	181173
	181267	181267
	181362	181362
	181457	181457
	181552	181552
	181646	181646
	181741	181741
	181836	181836
	181930	181930
	182025	182025
	182120	182120
	182214	182214
	182309	182309
	182404	182404
	182498	182498
	182593	182593
	182687	182687
	182781	182781
	182876	182876
	182970	182970
	183064	183064
	183158	183158
	183253	183253
	183347	183347
	183441	183441
	183536	183536
	183630	183630
	183724	183724
	183818	183818
	183912	183912
	184006	184006
	184100	184100
	184195	184195
	184289	184289
	184383	184383
	184477	184477
	184571	184571
	184665	184665
	184759	184759
	184854	184854
	184948	184948
	185042	185042
	185136	185136
	185230	185230
	185324	185324
	185419	185419
	185513	185513
	185607	185607
	185701	185701
	185795	185795
	185889	185889
	185984	185984
	186078	186078
	186173	186173
	186267	186267
	186361	186361
	186456	186456
	186550	186550
	186645	186645
	186739	186739
	186834	186834
	186928	186928
	187023	187023
	187117	187117
	187212	187212
	187306	187306
	187401	187401
	187495	187495
	187590	187590
	187684	187684
	187779	187779
	187873	187873
	187968	187968
	188063	188063
	188157	188157
	188252	188252
	188347	188347
	188441	188441
	188536	188536
	188631	188631
	188725	188725
	188820	188820
	188915	188915
	189009	189009
	189104	189104
	189198	189198
	189293	189293
	189388	189388
	189482	189482
	189577	189577
	189672	189672
	189766	189766
	189861	189861
	189955	189955
	190050	190050
	190145	190145
	190240	190240
	190334	190334
	190429	190429
	190524	190524
	190618	190618
	190713	190713
	190808	190808
	190902	190902
	190997	190997
	191091	191091
	191186	191186
	191281	191281
	191375	191375

